Temperature (K)	Pressure (bar)	Density (mol/l)	Volume (l/mol)	Internal Energy (kJ/mol)	Enthalpy (kJ/mol)	Entropy (J/mol*K)	Cv (J/mol*K)	Cp (J/mol*K)	Sound Spd. (m/s)	Joule-Thomson (K/bar)	Viscosity (uPa*s)	Therm. Cond. (W/m*K)	Phase	Curve
280.00	10.000	10.229	0.097765	12.496	12.594	61.312	96.613	135.98	1006.9	-0.035001	191.37	0.11293	liquid	liquid, P = 10 bar
290.00	10.000	10.038	0.099619	13.868	13.968	66.134	98.535	138.92	953.24	-0.031616	174.03	0.10866	liquid	liquid, P = 10 bar
300.00	10.000	9.8412	0.10161	15.271	15.373	70.896	100.54	142.09	899.57	-0.027749	158.55	0.10451	liquid	liquid, P = 10 bar
310.00	10.000	9.6362	0.10378	16.707	16.811	75.611	102.63	145.54	845.68	-0.023271	144.60	0.10048	liquid	liquid, P = 10 bar
320.00	10.000	9.4218	0.10614	18.179	18.285	80.290	104.79	149.32	791.34	-0.017995	131.90	0.096580	liquid	liquid, P = 10 bar
330.00	10.000	9.1956	0.10875	19.690	19.799	84.948	107.03	153.51	736.22	-0.011641	120.22	0.092797	liquid	liquid, P = 10 bar
340.00	10.000	8.9549	0.11167	21.245	21.357	89.599	109.33	158.25	679.85	-0.0037680	109.37	0.089127	liquid	liquid, P = 10 bar
350.00	10.000	8.6953	0.11500	22.851	22.966	94.264	111.73	163.78	621.53	0.0063603	99.151	0.085555	liquid	liquid, P = 10 bar
352.62	10.000	8.6234	0.11596	23.281	23.397	95.491	112.37	165.40	605.80	0.0095320	96.558	0.084632	liquid	liquid, P = 10 bar
352.62	10.000	0.42728	2.3404	38.127	40.468	143.90	109.97	132.62	191.42	1.9881	8.8255	0.023478	vapor	vapor, P = 10 bar
360.00	10.000	0.40956	2.4417	39.001	41.443	146.64	111.18	131.74	197.12	1.7992	9.0220	0.024301	vapor	vapor, P = 10 bar
370.00	10.000	0.38891	2.5713	40.187	42.758	150.24	113.03	131.50	204.07	1.5893	9.2847	0.025466	vapor	vapor, P = 10 bar
380.00	10.000	0.37116	2.6942	41.381	44.075	153.76	115.04	131.97	210.36	1.4178	9.5438	0.026680	vapor	vapor, P = 10 bar
390.00	10.000	0.35562	2.8120	42.587	45.399	157.19	117.13	132.89	216.13	1.2750	9.7996	0.027936	vapor	vapor, P = 10 bar
400.00	10.000	0.34181	2.9256	43.808	46.734	160.57	119.28	134.10	221.49	1.1545	10.052	0.029231	vapor	vapor, P = 10 bar
410.00	10.000	0.32939	3.0359	45.046	48.082	163.90	121.46	135.54	226.52	1.0516	10.302	0.030563	vapor	vapor, P = 10 bar
420.00	10.000	0.31812	3.1434	46.302	49.445	167.19	123.67	137.13	231.27	0.96276	10.550	0.031930	vapor	vapor, P = 10 bar
430.00	10.000	0.30783	3.2486	47.577	50.825	170.43	125.90	138.84	235.79	0.88536	10.795	0.033331	vapor	vapor, P = 10 bar
440.00	10.000	0.29835	3.3518	48.871	52.222	173.65	128.13	140.64	240.10	0.81737	11.039	0.034767	vapor	vapor, P = 10 bar
450.00	10.000	0.28958	3.4533	50.185	53.638	176.83	130.36	142.50	244.24	0.75723	11.280	0.036235	vapor	vapor, P = 10 bar
460.00	10.000	0.28143	3.5533	51.519	55.073	179.98	132.59	144.41	248.23	0.70371	11.520	0.037737	vapor	vapor, P = 10 bar
470.00	10.000	0.27382	3.6520	52.874	56.526	183.11	134.80	146.34	252.08	0.65583	11.758	0.039271	vapor	vapor, P = 10 bar
480.00	10.000	0.26670	3.7496	54.250	58.000	186.21	136.99	148.29	255.80	0.61279	11.995	0.040838	vapor	vapor, P = 10 bar
490.00	10.000	0.26000	3.8462	55.646	59.492	189.29	139.16	150.25	259.42	0.57392	12.230	0.042436	vapor	vapor, P = 10 bar
500.00	10.000	0.25369	3.9418	57.063	61.004	192.34	141.32	152.21	262.94	0.53869	12.465	0.044067	vapor	vapor, P = 10 bar
510.00	10.000	0.24773	4.0366	58.500	62.536	195.37	143.45	154.16	266.37	0.50663	12.698	0.045730	vapor	vapor, P = 10 bar
520.00	10.000	0.24209	4.1308	59.957	64.088	198.39	145.55	156.11	269.71	0.47736	12.930	0.047425	vapor	vapor, P = 10 bar
530.00	10.000	0.23673	4.2242	61.434	65.659	201.38	147.63	158.05	272.98	0.45055	13.161	0.049152	vapor	vapor, P = 10 bar
540.00	10.000	0.23164	4.3171	62.932	67.249	204.35	149.68	159.98	276.17	0.42593	13.391	0.050911	vapor	vapor, P = 10 bar
550.00	10.000	0.22679	4.4094	64.449	68.858	207.30	151.71	161.89	279.30	0.40326	13.620	0.052702	vapor	vapor, P = 10 bar
560.00	10.000	0.22217	4.5012	65.985	70.487	210.24	153.71	163.79	282.37	0.38232	13.848	0.054524	vapor	vapor, P = 10 bar
570.00	10.000	0.21775	4.5925	67.541	72.134	213.15	155.68	165.67	285.39	0.36293	14.075	0.056378	vapor	vapor, P = 10 bar
														
280.00	20.000	10.252	0.097540	12.447	12.642	61.134	96.661	135.66	1016.6	-0.035583	193.61	0.11361	liquid	liquid, P = 20 bar
290.00	20.000	10.065	0.099358	13.814	14.012	65.944	98.582	138.52	963.76	-0.032342	176.19	0.10939	liquid	liquid, P = 20 bar
300.00	20.000	9.8708	0.10131	15.210	15.413	70.692	100.59	141.61	911.00	-0.028665	160.65	0.10528	liquid	liquid, P = 20 bar
310.00	20.000	9.6698	0.10342	16.639	16.845	75.389	102.67	144.94	858.18	-0.024444	146.67	0.10130	liquid	liquid, P = 20 bar
320.00	20.000	9.4601	0.10571	18.101	18.313	80.047	104.83	148.56	805.11	-0.019524	133.97	0.097443	liquid	liquid, P = 20 bar
330.00	20.000	9.2401	0.10822	19.601	19.818	84.678	107.05	152.54	751.55	-0.013681	122.33	0.093719	liquid	liquid, P = 20 bar
340.00	20.000	9.0072	0.11102	21.143	21.365	89.296	109.34	156.96	697.16	-0.0065748	111.54	0.090119	liquid	liquid, P = 20 bar
350.00	20.000	8.7582	0.11418	22.731	22.959	93.917	111.70	161.99	641.45	0.0023353	101.45	0.086633	liquid	liquid, P = 20 bar
360.00	20.000	8.4882	0.11781	24.372	24.608	98.561	114.16	167.92	583.68	0.013971	91.884	0.083244	liquid	liquid, P = 20 bar
370.00	20.000	8.1894	0.12211	26.078	26.322	103.26	116.75	175.32	522.68	0.030062	82.673	0.079921	liquid	liquid, P = 20 bar
380.00	20.000	7.8483	0.12742	27.868	28.123	108.06	119.56	185.44	456.34	0.054351	73.595	0.076607	liquid	liquid, P = 20 bar
387.52	20.000	7.5472	0.13250	29.292	29.557	111.80	121.95	196.87	400.48	0.083608	66.635	0.074056	liquid	liquid, P = 20 bar
387.52	20.000	0.93518	1.0693	40.638	42.777	145.91	122.68	173.29	168.10	1.9174	10.393	0.030824	vapor	vapor, P = 20 bar
390.00	20.000	0.91189	1.0966	41.008	43.201	147.00	122.87	169.18	171.75	1.8207	10.431	0.030934	vapor	vapor, P = 20 bar
400.00	20.000	0.83711	1.1946	42.447	44.836	151.14	123.85	159.11	184.18	1.5254	10.611	0.031676	vapor	vapor, P = 20 bar
410.00	20.000	0.78130	1.2799	43.841	46.400	155.00	125.15	154.28	194.26	1.3196	10.816	0.032681	vapor	vapor, P = 20 bar
420.00	20.000	0.73671	1.3574	45.215	47.930	158.69	126.72	151.92	202.90	1.1641	11.033	0.033832	vapor	vapor, P = 20 bar
430.00	20.000	0.69961	1.4294	46.585	49.443	162.25	128.47	150.93	210.53	1.0406	11.256	0.035081	vapor	vapor, P = 20 bar
440.00	20.000	0.66788	1.4973	47.957	50.951	165.72	130.34	150.78	217.41	0.93934	11.481	0.036403	vapor	vapor, P = 20 bar
450.00	20.000	0.64019	1.5620	49.337	52.461	169.11	132.28	151.16	223.72	0.85451	11.709	0.037786	vapor	vapor, P = 20 bar
460.00	20.000	0.61565	1.6243	50.727	53.976	172.44	134.27	151.92	229.57	0.78220	11.937	0.039222	vapor	vapor, P = 20 bar
470.00	20.000	0.59366	1.6845	52.131	55.500	175.72	136.29	152.93	235.03	0.71977	12.165	0.040704	vapor	vapor, P = 20 bar
480.00	20.000	0.57375	1.7429	53.549	57.035	178.95	138.32	154.13	240.18	0.66528	12.393	0.042229	vapor	vapor, P = 20 bar
490.00	20.000	0.55559	1.7999	54.983	58.583	182.14	140.35	155.47	245.06	0.61730	12.621	0.043796	vapor	vapor, P = 20 bar
500.00	20.000	0.53891	1.8556	56.434	60.145	185.30	142.39	156.91	249.70	0.57473	12.848	0.045401	vapor	vapor, P = 20 bar
510.00	20.000	0.52350	1.9102	57.901	61.722	188.42	144.42	158.43	254.14	0.53671	13.075	0.047044	vapor	vapor, P = 20 bar
520.00	20.000	0.50919	1.9639	59.386	63.314	191.51	146.43	160.00	258.40	0.50255	13.301	0.048723	vapor	vapor, P = 20 bar
530.00	20.000	0.49585	2.0167	60.888	64.922	194.57	148.44	161.62	262.50	0.47172	13.526	0.050438	vapor	vapor, P = 20 bar
540.00	20.000	0.48337	2.0688	62.408	66.546	197.61	150.42	163.26	266.46	0.44374	13.751	0.052188	vapor	vapor, P = 20 bar
550.00	20.000	0.47165	2.1202	63.947	68.187	200.62	152.39	164.92	270.29	0.41827	13.974	0.053972	vapor	vapor, P = 20 bar
560.00	20.000	0.46062	2.1710	65.503	69.845	203.61	154.34	166.60	274.00	0.39497	14.198	0.055790	vapor	vapor, P = 20 bar
570.00	20.000	0.45020	2.2213	67.076	71.519	206.57	156.26	168.28	277.60	0.37360	14.420	0.057642	vapor	vapor, P = 20 bar
														
280.00	30.000	10.275	0.097320	12.398	12.690	60.960	96.710	135.35	1026.1	-0.036135	195.86	0.11429	liquid	liquid, P = 30 bar
290.00	30.000	10.090	0.099105	13.760	14.058	65.758	98.629	138.15	974.03	-0.033027	178.34	0.11010	liquid	liquid, P = 30 bar
300.00	30.000	9.8996	0.10101	15.151	15.454	70.492	100.63	141.16	922.12	-0.029523	162.74	0.10603	liquid	liquid, P = 30 bar
310.00	30.000	9.7022	0.10307	16.572	16.882	75.172	102.71	144.39	870.28	-0.025531	148.72	0.10209	liquid	liquid, P = 30 bar
320.00	30.000	9.4970	0.10530	18.027	18.343	79.811	104.86	147.88	818.38	-0.020924	136.02	0.098287	liquid	liquid, P = 30 bar
330.00	30.000	9.2825	0.10773	19.517	19.840	84.418	107.07	151.66	766.22	-0.015521	124.39	0.094615	liquid	liquid, P = 30 bar
340.00	30.000	9.0566	0.11042	21.046	21.377	89.006	109.35	155.82	713.55	-0.0090538	113.66	0.091077	liquid	liquid, P = 30 bar
350.00	30.000	8.8168	0.11342	22.618	22.958	93.589	111.69	160.46	660.04	-0.0011172	103.66	0.087665	liquid	liquid, P = 30 bar
360.00	30.000	8.5593	0.11683	24.238	24.589	98.182	114.10	165.78	605.20	0.0089418	94.243	0.084370	liquid	liquid, P = 30 bar
370.00	30.000	8.2787	0.12079	25.915	26.277	102.81	116.62	172.12	548.29	0.022250	85.264	0.081171	liquid	liquid, P = 30 bar
380.00	30.000	7.9662	0.12553	27.660	28.037	107.50	119.28	180.13	488.16	0.040955	76.565	0.078035	liquid	liquid, P = 30 bar
390.00	30.000	7.6058	0.13148	29.496	29.890	112.31	122.20	191.35	422.81	0.069812	67.926	0.074903	liquid	liquid, P = 30 bar
400.00	30.000	7.1622	0.13962	31.470	31.889	117.37	125.62	210.58	348.01	0.12231	58.941	0.071656	liquid	liquid, P = 30 bar
410.00	30.000	6.5128	0.15354	33.746	34.207	123.09	130.45	267.03	250.73	0.26457	48.311	0.068072	liquid	liquid, P = 30 bar
410.85	30.000	6.4340	0.15542	33.972	34.438	123.66	131.03	279.05	240.08	0.29061	47.187	0.067757	liquid	liquid, P = 30 bar
410.85	30.000	1.6821	0.59449	41.687	43.470	145.64	134.55	291.72	140.09	2.0540	12.754	0.041260	vapor	vapor, P = 30 bar
420.00	30.000	1.4246	0.70197	43.519	45.625	150.83	132.14	205.30	161.75	1.5738	12.364	0.038637	vapor	vapor, P = 30 bar
430.00	30.000	1.2754	0.78405	45.192	47.544	155.35	132.30	182.24	177.28	1.3011	12.315	0.038586	vapor	vapor, P = 30 bar
440.00	30.000	1.1738	0.85190	46.755	49.311	159.41	133.32	172.40	189.36	1.1200	12.385	0.039237	vapor	vapor, P = 30 bar
450.00	30.000	1.0968	0.91178	48.272	51.007	163.22	134.72	167.37	199.45	0.98607	12.508	0.040201	vapor	vapor, P = 30 bar
460.00	30.000	1.0348	0.96641	49.767	52.666	166.87	136.31	164.69	208.23	0.88110	12.662	0.041350	vapor	vapor, P = 30 bar
470.00	30.000	0.98303	1.0173	51.254	54.306	170.40	138.03	163.35	216.06	0.79583	12.834	0.042623	vapor	vapor, P = 30 bar
480.00	30.000	0.93874	1.0653	52.740	55.936	173.83	139.83	162.84	223.17	0.72479	13.018	0.043990	vapor	vapor, P = 30 bar
490.00	30.000	0.90009	1.1110	54.231	57.564	177.19	141.68	162.89	229.70	0.66446	13.210	0.045433	vapor	vapor, P = 30 bar
500.00	30.000	0.86587	1.1549	55.731	59.195	180.48	143.56	163.34	235.76	0.61249	13.407	0.046940	vapor	vapor, P = 30 bar
510.00	30.000	0.83521	1.1973	57.240	60.832	183.72	145.46	164.06	241.44	0.56718	13.608	0.048504	vapor	vapor, P = 30 bar
520.00	30.000	0.80748	1.2384	58.762	62.477	186.92	147.37	164.99	246.79	0.52730	13.812	0.050118	vapor	vapor, P = 30 bar
530.00	30.000	0.78220	1.2784	60.297	64.132	190.07	149.28	166.08	251.85	0.49189	14.018	0.051780	vapor	vapor, P = 30 bar
540.00	30.000	0.75900	1.3175	61.846	65.799	193.18	151.19	167.27	256.68	0.46025	14.226	0.053485	vapor	vapor, P = 30 bar
550.00	30.000	0.73758	1.3558	63.411	67.478	196.27	153.09	168.56	261.29	0.43179	14.435	0.055232	vapor	vapor, P = 30 bar
560.00	30.000	0.71771	1.3933	64.991	69.170	199.31	154.98	169.92	265.71	0.40605	14.644	0.057019	vapor	vapor, P = 30 bar
570.00	30.000	0.69919	1.4302	66.586	70.877	202.33	156.85	171.32	269.96	0.38267	14.854	0.058845	vapor	vapor, P = 30 bar
														
280.00	40.000	10.298	0.097106	12.351	12.740	60.788	96.758	135.06	1035.5	-0.036659	198.09	0.11496	liquid	liquid, P = 40 bar
290.00	40.000	10.115	0.098859	13.708	14.104	65.575	98.676	137.81	984.07	-0.033673	180.48	0.11081	liquid	liquid, P = 40 bar
300.00	40.000	9.9276	0.10073	15.093	15.496	70.296	100.68	140.74	932.96	-0.030327	164.81	0.10677	liquid	liquid, P = 40 bar
310.00	40.000	9.7337	0.10274	16.508	16.919	74.961	102.76	143.88	882.04	-0.026542	150.75	0.10287	liquid	liquid, P = 40 bar
320.00	40.000	9.5326	0.10490	17.955	18.375	79.582	104.90	147.24	831.19	-0.022213	138.03	0.099111	liquid	liquid, P = 40 bar
330.00	40.000	9.3232	0.10726	19.436	19.865	84.167	107.11	150.87	780.29	-0.017191	126.42	0.095488	liquid	liquid, P = 40 bar
340.00	40.000	9.1036	0.10985	20.954	21.393	88.729	109.37	154.81	729.15	-0.011264	115.73	0.092005	liquid	liquid, P = 40 bar
350.00	40.000	8.8718	0.11272	22.512	22.962	93.278	111.69	159.14	677.52	-0.0041216	105.80	0.088659	liquid	liquid, P = 40 bar
360.00	40.000	8.6250	0.11594	24.114	24.578	97.828	114.07	163.99	625.09	0.0047117	96.494	0.085442	liquid	liquid, P = 40 bar
370.00	40.000	8.3592	0.11963	25.766	26.245	102.40	116.53	169.58	571.39	0.016004	87.690	0.082342	liquid	liquid, P = 40 bar
380.00	40.000	8.0682	0.12394	27.477	27.973	107.00	119.10	176.27	515.76	0.031089	79.257	0.079340	liquid	liquid, P = 40 bar
390.00	40.000	7.7426	0.12915	29.260	29.776	111.69	121.83	184.82	457.18	0.052521	71.051	0.076402	liquid	liquid, P = 40 bar
400.00	40.000	7.3648	0.13578	31.138	31.681	116.51	124.82	196.97	393.91	0.085967	62.868	0.073468	liquid	liquid, P = 40 bar
410.00	40.000	6.8958	0.14502	33.164	33.744	121.60	128.32	218.06	322.56	0.14732	54.319	0.070433	liquid	liquid, P = 40 bar
420.00	40.000	6.2067	0.16112	35.510	36.154	127.41	133.14	277.88	234.19	0.30781	44.232	0.067141	liquid	liquid, P = 40 bar
430.00	40.000	2.9217	0.34226	41.754	43.123	143.74	144.40	766.98	124.15	1.7332	17.996	0.060737	supercritical	liquid, P = 40 bar
440.00	40.000	2.0562	0.48634	44.836	46.781	152.17	138.12	252.66	153.39	1.3879	14.823	0.046246	supercritical	liquid, P = 40 bar
450.00	40.000	1.7780	0.56242	46.788	49.038	157.24	137.99	207.41	171.01	1.1541	14.238	0.044755	supercritical	liquid, P = 40 bar
460.00	40.000	1.6076	0.62203	48.527	51.015	161.59	138.84	190.18	184.52	0.99540	14.040	0.044792	supercritical	liquid, P = 40 bar
470.00	40.000	1.4854	0.67323	50.176	52.869	165.57	140.08	181.49	195.71	0.87748	13.997	0.045421	supercritical	liquid, P = 40 bar
480.00	40.000	1.3905	0.71914	51.781	54.657	169.34	141.54	176.63	205.38	0.78502	14.034	0.046365	supercritical	liquid, P = 40 bar
490.00	40.000	1.3134	0.76136	53.363	56.408	172.95	143.13	173.85	213.96	0.70992	14.119	0.047509	supercritical	liquid, P = 40 bar
500.00	40.000	1.2487	0.80084	54.935	58.138	176.44	144.82	172.31	221.71	0.64735	14.234	0.048793	supercritical	liquid, P = 40 bar
510.00	40.000	1.1931	0.83818	56.505	59.857	179.85	146.56	171.59	228.80	0.59423	14.371	0.050186	supercritical	liquid, P = 40 bar
520.00	40.000	1.1444	0.87381	58.077	61.572	183.18	148.34	171.43	235.37	0.54845	14.523	0.051665	supercritical	liquid, P = 40 bar
530.00	40.000	1.1013	0.90804	59.655	63.287	186.44	150.15	171.66	241.49	0.50852	14.685	0.053217	supercritical	liquid, P = 40 bar
540.00	40.000	1.0626	0.94109	61.242	65.006	189.66	151.96	172.18	247.24	0.47334	14.856	0.054833	supercritical	liquid, P = 40 bar
550.00	40.000	1.0276	0.97313	62.839	66.732	192.82	153.79	172.92	252.67	0.44210	15.033	0.056506	supercritical	liquid, P = 40 bar
560.00	40.000	0.99571	1.0043	64.448	68.465	195.95	155.61	173.82	257.82	0.41414	15.215	0.058231	supercritical	liquid, P = 40 bar
570.00	40.000	0.96642	1.0347	66.070	70.209	199.03	157.43	174.84	262.74	0.38897	15.401	0.060004	supercritical	liquid, P = 40 bar
