Temperature (K)	Pressure (bar)	Density (mol/l)	Volume (l/mol)	Internal Energy (kJ/mol)	Enthalpy (kJ/mol)	Entropy (J/mol*K)	Cv (J/mol*K)	Cp (J/mol*K)	Sound Spd. (m/s)	Joule-Thomson (K/bar)	Viscosity (uPa*s)	Therm. Cond. (W/m*K)	Phase	Curve
280.00	10.000	10.229	0.097765	12.496	12.594	61.312	96.613	135.98	1006.9	-0.035001	191.37	0.11293	liquid	liquid, P = 10 bar
290.00	10.000	10.038	0.099619	13.868	13.968	66.134	98.535	138.92	953.24	-0.031616	174.03	0.10866	liquid	liquid, P = 10 bar
300.00	10.000	9.8412	0.10161	15.271	15.373	70.896	100.54	142.09	899.57	-0.027749	158.55	0.10451	liquid	liquid, P = 10 bar
310.00	10.000	9.6362	0.10378	16.707	16.811	75.611	102.63	145.54	845.68	-0.023271	144.60	0.10048	liquid	liquid, P = 10 bar
320.00	10.000	9.4218	0.10614	18.179	18.285	80.290	104.79	149.32	791.34	-0.017995	131.90	0.096580	liquid	liquid, P = 10 bar
330.00	10.000	9.1956	0.10875	19.690	19.799	84.948	107.03	153.51	736.22	-0.011641	120.22	0.092797	liquid	liquid, P = 10 bar
340.00	10.000	8.9549	0.11167	21.245	21.357	89.599	109.33	158.25	679.85	-0.0037680	109.37	0.089127	liquid	liquid, P = 10 bar
350.00	10.000	8.6953	0.11500	22.851	22.966	94.264	111.73	163.78	621.53	0.0063603	99.151	0.085555	liquid	liquid, P = 10 bar
352.62	10.000	8.6234	0.11596	23.281	23.397	95.491	112.37	165.40	605.80	0.0095320	96.558	0.084632	liquid	liquid, P = 10 bar
352.62	10.000	0.42728	2.3404	38.127	40.468	143.90	109.97	132.62	191.42	1.9881	8.8255	0.023478	vapor	vapor, P = 10 bar
360.00	10.000	0.40956	2.4417	39.001	41.443	146.64	111.18	131.74	197.12	1.7992	9.0220	0.024301	vapor	vapor, P = 10 bar
370.00	10.000	0.38891	2.5713	40.187	42.758	150.24	113.03	131.50	204.07	1.5893	9.2847	0.025466	vapor	vapor, P = 10 bar
380.00	10.000	0.37116	2.6942	41.381	44.075	153.76	115.04	131.97	210.36	1.4178	9.5438	0.026680	vapor	vapor, P = 10 bar
390.00	10.000	0.35562	2.8120	42.587	45.399	157.19	117.13	132.89	216.13	1.2750	9.7996	0.027936	vapor	vapor, P = 10 bar
400.00	10.000	0.34181	2.9256	43.808	46.734	160.57	119.28	134.10	221.49	1.1545	10.052	0.029231	vapor	vapor, P = 10 bar
410.00	10.000	0.32939	3.0359	45.046	48.082	163.90	121.46	135.54	226.52	1.0516	10.302	0.030563	vapor	vapor, P = 10 bar
420.00	10.000	0.31812	3.1434	46.302	49.445	167.19	123.67	137.13	231.27	0.96276	10.550	0.031930	vapor	vapor, P = 10 bar
														
280.00	20.000	10.252	0.097540	12.447	12.642	61.134	96.661	135.66	1016.6	-0.035583	193.61	0.11361	liquid	liquid, P = 20 bar
290.00	20.000	10.065	0.099358	13.814	14.012	65.944	98.582	138.52	963.76	-0.032342	176.19	0.10939	liquid	liquid, P = 20 bar
300.00	20.000	9.8708	0.10131	15.210	15.413	70.692	100.59	141.61	911.00	-0.028665	160.65	0.10528	liquid	liquid, P = 20 bar
310.00	20.000	9.6698	0.10342	16.639	16.845	75.389	102.67	144.94	858.18	-0.024444	146.67	0.10130	liquid	liquid, P = 20 bar
320.00	20.000	9.4601	0.10571	18.101	18.313	80.047	104.83	148.56	805.11	-0.019524	133.97	0.097443	liquid	liquid, P = 20 bar
330.00	20.000	9.2401	0.10822	19.601	19.818	84.678	107.05	152.54	751.55	-0.013681	122.33	0.093719	liquid	liquid, P = 20 bar
340.00	20.000	9.0072	0.11102	21.143	21.365	89.296	109.34	156.96	697.16	-0.0065748	111.54	0.090119	liquid	liquid, P = 20 bar
350.00	20.000	8.7582	0.11418	22.731	22.959	93.917	111.70	161.99	641.45	0.0023353	101.45	0.086633	liquid	liquid, P = 20 bar
360.00	20.000	8.4882	0.11781	24.372	24.608	98.561	114.16	167.92	583.68	0.013971	91.884	0.083244	liquid	liquid, P = 20 bar
370.00	20.000	8.1894	0.12211	26.078	26.322	103.26	116.75	175.32	522.68	0.030062	82.673	0.079921	liquid	liquid, P = 20 bar
380.00	20.000	7.8483	0.12742	27.868	28.123	108.06	119.56	185.44	456.34	0.054351	73.595	0.076607	liquid	liquid, P = 20 bar
387.52	20.000	7.5472	0.13250	29.292	29.557	111.80	121.95	196.87	400.48	0.083608	66.635	0.074056	liquid	liquid, P = 20 bar
387.52	20.000	0.93518	1.0693	40.638	42.777	145.91	122.68	173.29	168.10	1.9174	10.393	0.030824	vapor	vapor, P = 20 bar
390.00	20.000	0.91189	1.0966	41.008	43.201	147.00	122.87	169.18	171.75	1.8207	10.431	0.030934	vapor	vapor, P = 20 bar
400.00	20.000	0.83711	1.1946	42.447	44.836	151.14	123.85	159.11	184.18	1.5254	10.611	0.031676	vapor	vapor, P = 20 bar
410.00	20.000	0.78130	1.2799	43.841	46.400	155.00	125.15	154.28	194.26	1.3196	10.816	0.032681	vapor	vapor, P = 20 bar
420.00	20.000	0.73671	1.3574	45.215	47.930	158.69	126.72	151.92	202.90	1.1641	11.033	0.033832	vapor	vapor, P = 20 bar
														
280.00	30.000	10.275	0.097320	12.398	12.690	60.960	96.710	135.35	1026.1	-0.036135	195.86	0.11429	liquid	liquid, P = 30 bar
290.00	30.000	10.090	0.099105	13.760	14.058	65.758	98.629	138.15	974.03	-0.033027	178.34	0.11010	liquid	liquid, P = 30 bar
300.00	30.000	9.8996	0.10101	15.151	15.454	70.492	100.63	141.16	922.12	-0.029523	162.74	0.10603	liquid	liquid, P = 30 bar
310.00	30.000	9.7022	0.10307	16.572	16.882	75.172	102.71	144.39	870.28	-0.025531	148.72	0.10209	liquid	liquid, P = 30 bar
320.00	30.000	9.4970	0.10530	18.027	18.343	79.811	104.86	147.88	818.38	-0.020924	136.02	0.098287	liquid	liquid, P = 30 bar
330.00	30.000	9.2825	0.10773	19.517	19.840	84.418	107.07	151.66	766.22	-0.015521	124.39	0.094615	liquid	liquid, P = 30 bar
340.00	30.000	9.0566	0.11042	21.046	21.377	89.006	109.35	155.82	713.55	-0.0090538	113.66	0.091077	liquid	liquid, P = 30 bar
350.00	30.000	8.8168	0.11342	22.618	22.958	93.589	111.69	160.46	660.04	-0.0011172	103.66	0.087665	liquid	liquid, P = 30 bar
360.00	30.000	8.5593	0.11683	24.238	24.589	98.182	114.10	165.78	605.20	0.0089418	94.243	0.084370	liquid	liquid, P = 30 bar
370.00	30.000	8.2787	0.12079	25.915	26.277	102.81	116.62	172.12	548.29	0.022250	85.264	0.081171	liquid	liquid, P = 30 bar
380.00	30.000	7.9662	0.12553	27.660	28.037	107.50	119.28	180.13	488.16	0.040955	76.565	0.078035	liquid	liquid, P = 30 bar
390.00	30.000	7.6058	0.13148	29.496	29.890	112.31	122.20	191.35	422.81	0.069812	67.926	0.074903	liquid	liquid, P = 30 bar
400.00	30.000	7.1622	0.13962	31.470	31.889	117.37	125.62	210.58	348.01	0.12231	58.941	0.071656	liquid	liquid, P = 30 bar
410.00	30.000	6.5128	0.15354	33.746	34.207	123.09	130.45	267.03	250.73	0.26457	48.311	0.068072	liquid	liquid, P = 30 bar
410.85	30.000	6.4340	0.15542	33.972	34.438	123.66	131.03	279.05	240.08	0.29061	47.187	0.067757	liquid	liquid, P = 30 bar
410.85	30.000	1.6821	0.59449	41.687	43.470	145.64	134.55	291.72	140.09	2.0540	12.754	0.041260	vapor	vapor, P = 30 bar
420.00	30.000	1.4246	0.70197	43.519	45.625	150.83	132.14	205.30	161.75	1.5738	12.364	0.038637	vapor	vapor, P = 30 bar
														
280.00	40.000	10.298	0.097106	12.351	12.740	60.788	96.758	135.06	1035.5	-0.036659	198.09	0.11496	liquid	liquid, P = 40 bar
290.00	40.000	10.115	0.098859	13.708	14.104	65.575	98.676	137.81	984.07	-0.033673	180.48	0.11081	liquid	liquid, P = 40 bar
300.00	40.000	9.9276	0.10073	15.093	15.496	70.296	100.68	140.74	932.96	-0.030327	164.81	0.10677	liquid	liquid, P = 40 bar
310.00	40.000	9.7337	0.10274	16.508	16.919	74.961	102.76	143.88	882.04	-0.026542	150.75	0.10287	liquid	liquid, P = 40 bar
320.00	40.000	9.5326	0.10490	17.955	18.375	79.582	104.90	147.24	831.19	-0.022213	138.03	0.099111	liquid	liquid, P = 40 bar
330.00	40.000	9.3232	0.10726	19.436	19.865	84.167	107.11	150.87	780.29	-0.017191	126.42	0.095488	liquid	liquid, P = 40 bar
340.00	40.000	9.1036	0.10985	20.954	21.393	88.729	109.37	154.81	729.15	-0.011264	115.73	0.092005	liquid	liquid, P = 40 bar
350.00	40.000	8.8718	0.11272	22.512	22.962	93.278	111.69	159.14	677.52	-0.0041216	105.80	0.088659	liquid	liquid, P = 40 bar
360.00	40.000	8.6250	0.11594	24.114	24.578	97.828	114.07	163.99	625.09	0.0047117	96.494	0.085442	liquid	liquid, P = 40 bar
370.00	40.000	8.3592	0.11963	25.766	26.245	102.40	116.53	169.58	571.39	0.016004	87.690	0.082342	liquid	liquid, P = 40 bar
380.00	40.000	8.0682	0.12394	27.477	27.973	107.00	119.10	176.27	515.76	0.031089	79.257	0.079340	liquid	liquid, P = 40 bar
390.00	40.000	7.7426	0.12915	29.260	29.776	111.69	121.83	184.82	457.18	0.052521	71.051	0.076402	liquid	liquid, P = 40 bar
400.00	40.000	7.3648	0.13578	31.138	31.681	116.51	124.82	196.97	393.91	0.085967	62.868	0.073468	liquid	liquid, P = 40 bar
410.00	40.000	6.8958	0.14502	33.164	33.744	121.60	128.32	218.06	322.56	0.14732	54.319	0.070433	liquid	liquid, P = 40 bar
420.00	40.000	6.2067	0.16112	35.510	36.154	127.41	133.14	277.88	234.19	0.30781	44.232	0.067141	liquid	liquid, P = 40 bar
