Temperature (K)	Pressure (bar)	Density (mol/l)	Volume (l/mol)	Internal Energy (kJ/mol)	Enthalpy (kJ/mol)	Entropy (J/mol*K)	Cv (J/mol*K)	Cp (J/mol*K)	Sound Spd. (m/s)	Joule-Thomson (K/bar)	Viscosity (uPa*s)	Therm. Cond. (W/m*K)	Phase	Curve
280.00	6.0000	10.219	0.097857	12.516	12.575	61.384	96.594	136.12	1002.9	-0.034760	190.46	0.11265	liquid	liquid, P = 6 bar
285.00	6.0000	10.124	0.098775	13.200	13.259	63.806	97.543	137.57	975.94	-0.033093	181.56	0.11049	liquid	liquid, P = 6 bar
290.00	6.0000	10.027	0.099726	13.891	13.951	66.211	98.516	139.08	948.96	-0.031314	173.16	0.10837	liquid	liquid, P = 6 bar
295.00	6.0000	9.9292	0.10071	14.589	14.650	68.602	99.511	140.65	921.96	-0.029410	165.22	0.10627	liquid	liquid, P = 6 bar
300.00	6.0000	9.8291	0.10174	15.296	15.357	70.980	100.53	142.29	894.91	-0.027365	157.70	0.10420	liquid	liquid, P = 6 bar
305.00	6.0000	9.7269	0.10281	16.011	16.073	73.346	101.56	144.00	867.79	-0.025161	150.56	0.10216	liquid	liquid, P = 6 bar
310.00	6.0000	9.6225	0.10392	16.735	16.797	75.702	102.62	145.79	840.57	-0.022776	143.76	0.10015	liquid	liquid, P = 6 bar
315.00	6.0000	9.5156	0.10509	17.468	17.531	78.049	103.69	147.67	813.21	-0.020181	137.27	0.098176	liquid	liquid, P = 6 bar
320.00	6.0000	9.4060	0.10632	18.210	18.274	80.390	104.78	149.64	785.68	-0.017343	131.06	0.096228	liquid	liquid, P = 6 bar
325.00	6.0000	9.2933	0.10760	18.963	19.028	82.726	105.89	151.72	757.92	-0.014221	125.10	0.094310	liquid	liquid, P = 6 bar
330.00	6.0000	9.1772	0.10897	19.726	19.792	85.059	107.02	153.93	729.88	-0.010760	119.37	0.092420	liquid	liquid, P = 6 bar
330.64	6.0000	9.1620	0.10915	19.825	19.891	85.360	107.16	154.22	726.24	-0.010286	118.64	0.092178	liquid	liquid, P = 6 bar
330.64	6.0000	0.25417	3.9344	36.391	38.752	142.40	102.69	119.25	198.70	2.1923	8.1622	0.020317	vapor	vapor, P = 6 bar
335.00	6.0000	0.24877	4.0198	36.860	39.272	143.97	103.53	119.46	201.36	2.0741	8.2800	0.020796	vapor	vapor, P = 6 bar
340.00	6.0000	0.24297	4.1157	37.401	39.870	145.74	104.53	119.83	204.29	1.9507	8.4140	0.021354	vapor	vapor, P = 6 bar
345.00	6.0000	0.23755	4.2096	37.945	40.470	147.49	105.55	120.31	207.10	1.8389	8.5469	0.021922	vapor	vapor, P = 6 bar
350.00	6.0000	0.23246	4.3019	38.492	41.073	149.23	106.61	120.88	209.80	1.7371	8.6786	0.022499	vapor	vapor, P = 6 bar
355.00	6.0000	0.22766	4.3926	39.044	41.679	150.94	107.68	121.54	212.41	1.6440	8.8093	0.023084	vapor	vapor, P = 6 bar
360.00	6.0000	0.22312	4.4820	39.600	42.289	152.65	108.78	122.26	214.93	1.5586	8.9391	0.023678	vapor	vapor, P = 6 bar
365.00	6.0000	0.21881	4.5701	40.160	42.902	154.34	109.90	123.05	217.38	1.4800	9.0680	0.024280	vapor	vapor, P = 6 bar
370.00	6.0000	0.21473	4.6571	40.725	43.519	156.02	111.04	123.88	219.76	1.4074	9.1961	0.024891	vapor	vapor, P = 6 bar
375.00	6.0000	0.21083	4.7431	41.295	44.141	157.69	112.18	124.76	222.07	1.3401	9.3234	0.025510	vapor	vapor, P = 6 bar
380.00	6.0000	0.20712	4.8282	41.870	44.767	159.35	113.34	125.67	224.32	1.2777	9.4499	0.026137	vapor	vapor, P = 6 bar
385.00	6.0000	0.20356	4.9124	42.450	45.398	161.00	114.51	126.61	226.52	1.2196	9.5759	0.026772	vapor	vapor, P = 6 bar
390.00	6.0000	0.20016	4.9959	43.036	46.033	162.64	115.68	127.57	228.67	1.1654	9.7011	0.027415	vapor	vapor, P = 6 bar
395.00	6.0000	0.19690	5.0787	43.626	46.673	164.27	116.85	128.56	230.77	1.1148	9.8258	0.028066	vapor	vapor, P = 6 bar
400.00	6.0000	0.19377	5.1608	44.222	47.319	165.89	118.02	129.56	232.83	1.0676	9.9499	0.028725	vapor	vapor, P = 6 bar
405.00	6.0000	0.19076	5.2423	44.824	47.969	167.51	119.19	130.57	234.85	1.0233	10.073	0.029392	vapor	vapor, P = 6 bar
410.00	6.0000	0.18786	5.3232	45.430	48.624	169.12	120.37	131.60	236.83	0.98179	10.196	0.030067	vapor	vapor, P = 6 bar
415.00	6.0000	0.18506	5.4037	46.043	49.285	170.72	121.54	132.64	238.78	0.94280	10.319	0.030750	vapor	vapor, P = 6 bar
420.00	6.0000	0.18236	5.4836	46.661	49.951	172.31	122.72	133.69	240.69	0.90612	10.441	0.031441	vapor	vapor, P = 6 bar
425.00	6.0000	0.17976	5.5631	47.284	50.622	173.90	123.89	134.74	242.57	0.87157	10.563	0.032140	vapor	vapor, P = 6 bar
430.00	6.0000	0.17724	5.6421	47.913	51.298	175.48	125.06	135.80	244.43	0.83898	10.684	0.032847	vapor	vapor, P = 6 bar
435.00	6.0000	0.17480	5.7208	48.547	51.980	177.06	126.22	136.87	246.25	0.80820	10.805	0.033562	vapor	vapor, P = 6 bar
440.00	6.0000	0.17244	5.7991	49.187	52.667	178.63	127.39	137.93	248.05	0.77910	10.925	0.034285	vapor	vapor, P = 6 bar
445.00	6.0000	0.17015	5.8770	49.833	53.359	180.19	128.54	139.00	249.83	0.75155	11.045	0.035015	vapor	vapor, P = 6 bar
450.00	6.0000	0.16794	5.9546	50.484	54.057	181.75	129.70	140.07	251.58	0.72545	11.165	0.035754	vapor	vapor, P = 6 bar
455.00	6.0000	0.16578	6.0319	51.141	54.760	183.31	130.85	141.14	253.30	0.70068	11.284	0.036500	vapor	vapor, P = 6 bar
460.00	6.0000	0.16369	6.1089	51.803	55.468	184.85	131.99	142.21	255.01	0.67716	11.403	0.037255	vapor	vapor, P = 6 bar
465.00	6.0000	0.16166	6.1857	52.471	56.182	186.40	133.13	143.28	256.69	0.65481	11.522	0.038017	vapor	vapor, P = 6 bar
470.00	6.0000	0.15969	6.2621	53.144	56.901	187.94	134.26	144.34	258.36	0.63355	11.641	0.038787	vapor	vapor, P = 6 bar
475.00	6.0000	0.15777	6.3384	53.822	57.625	189.47	135.38	145.41	260.01	0.61330	11.759	0.039565	vapor	vapor, P = 6 bar
480.00	6.0000	0.15590	6.4144	54.507	58.355	191.00	136.50	146.47	261.63	0.59400	11.876	0.040351	vapor	vapor, P = 6 bar
485.00	6.0000	0.15408	6.4901	55.196	59.090	192.52	137.62	147.52	263.25	0.57559	11.994	0.041145	vapor	vapor, P = 6 bar
490.00	6.0000	0.15231	6.5657	55.891	59.830	194.04	138.72	148.58	264.84	0.55802	12.111	0.041947	vapor	vapor, P = 6 bar
495.00	6.0000	0.15058	6.6410	56.591	60.576	195.55	139.82	149.63	266.42	0.54124	12.228	0.042757	vapor	vapor, P = 6 bar
500.00	6.0000	0.14889	6.7162	57.297	61.327	197.06	140.91	150.67	267.98	0.52519	12.345	0.043574	vapor	vapor, P = 6 bar
505.00	6.0000	0.14725	6.7912	58.008	62.083	198.57	142.00	151.71	269.53	0.50984	12.462	0.044400	vapor	vapor, P = 6 bar
510.00	6.0000	0.14564	6.8660	58.724	62.844	200.07	143.08	152.75	271.06	0.49514	12.578	0.045233	vapor	vapor, P = 6 bar
515.00	6.0000	0.14408	6.9407	59.446	63.610	201.56	144.15	153.78	272.58	0.48106	12.694	0.046075	vapor	vapor, P = 6 bar
520.00	6.0000	0.14255	7.0151	60.172	64.381	203.05	145.21	154.80	274.09	0.46756	12.810	0.046924	vapor	vapor, P = 6 bar
525.00	6.0000	0.14105	7.0895	60.904	65.158	204.54	146.27	155.82	275.58	0.45461	12.925	0.047781	vapor	vapor, P = 6 bar
530.00	6.0000	0.13959	7.1637	61.641	65.940	206.02	147.32	156.83	277.06	0.44217	13.041	0.048646	vapor	vapor, P = 6 bar
535.00	6.0000	0.13816	7.2377	62.384	66.726	207.50	148.36	157.84	278.53	0.43024	13.156	0.049519	vapor	vapor, P = 6 bar
540.00	6.0000	0.13677	7.3117	63.131	67.518	208.97	149.40	158.84	279.98	0.41876	13.271	0.050400	vapor	vapor, P = 6 bar
545.00	6.0000	0.13540	7.3855	63.883	68.315	210.44	150.43	159.84	281.43	0.40773	13.386	0.051289	vapor	vapor, P = 6 bar
550.00	6.0000	0.13406	7.4591	64.641	69.116	211.90	151.45	160.83	282.86	0.39711	13.500	0.052186	vapor	vapor, P = 6 bar
555.00	6.0000	0.13275	7.5327	65.403	69.923	213.36	152.46	161.81	284.29	0.38690	13.615	0.053091	vapor	vapor, P = 6 bar
560.00	6.0000	0.13147	7.6061	66.171	70.735	214.82	153.46	162.79	285.70	0.37705	13.729	0.054003	vapor	vapor, P = 6 bar
565.00	6.0000	0.13022	7.6795	66.943	71.551	216.27	154.46	163.76	287.10	0.36757	13.843	0.054924	vapor	vapor, P = 6 bar
570.00	6.0000	0.12899	7.7527	67.721	72.372	217.72	155.46	164.73	288.49	0.35843	13.957	0.055852	vapor	vapor, P = 6 bar
575.00	6.0000	0.12778	7.8258	68.503	73.198	219.16	156.44	165.69	289.87	0.34961	14.071	0.056789	vapor	vapor, P = 6 bar
														
280.00	10.000	10.229	0.097765	12.496	12.594	61.312	96.613	135.98	1006.9	-0.035001	191.37	0.11293	liquid	liquid, P = 10 bar
285.00	10.000	10.134	0.098676	13.179	13.277	63.731	97.562	137.42	980.05	-0.033363	182.44	0.11078	liquid	liquid, P = 10 bar
290.00	10.000	10.038	0.099619	13.868	13.968	66.134	98.535	138.92	953.24	-0.031616	174.03	0.10866	liquid	liquid, P = 10 bar
295.00	10.000	9.9406	0.10060	14.566	14.667	68.522	99.529	140.47	926.42	-0.029750	166.08	0.10657	liquid	liquid, P = 10 bar
300.00	10.000	9.8412	0.10161	15.271	15.373	70.896	100.54	142.09	899.57	-0.027749	158.55	0.10451	liquid	liquid, P = 10 bar
305.00	10.000	9.7398	0.10267	15.985	16.088	73.259	101.58	143.78	872.67	-0.025597	151.40	0.10248	liquid	liquid, P = 10 bar
310.00	10.000	9.6362	0.10378	16.707	16.811	75.611	102.63	145.54	845.68	-0.023271	144.60	0.10048	liquid	liquid, P = 10 bar
315.00	10.000	9.5303	0.10493	17.438	17.543	77.954	103.70	147.38	818.59	-0.020748	138.11	0.098516	liquid	liquid, P = 10 bar
320.00	10.000	9.4218	0.10614	18.179	18.285	80.290	104.79	149.32	791.34	-0.017995	131.90	0.096580	liquid	liquid, P = 10 bar
325.00	10.000	9.3103	0.10741	18.929	19.036	82.621	105.90	151.35	763.90	-0.014975	125.95	0.094673	liquid	liquid, P = 10 bar
330.00	10.000	9.1956	0.10875	19.690	19.799	84.948	107.03	153.51	736.22	-0.011641	120.22	0.092797	liquid	liquid, P = 10 bar
335.00	10.000	9.0773	0.11016	20.462	20.572	87.273	108.17	155.80	708.23	-0.0079309	114.70	0.090948	liquid	liquid, P = 10 bar
340.00	10.000	8.9549	0.11167	21.245	21.357	89.599	109.33	158.25	679.85	-0.0037680	109.37	0.089127	liquid	liquid, P = 10 bar
345.00	10.000	8.8278	0.11328	22.041	22.155	91.929	110.52	160.89	650.99	0.00095007	104.19	0.087330	liquid	liquid, P = 10 bar
350.00	10.000	8.6953	0.11500	22.851	22.966	94.264	111.73	163.78	621.53	0.0063603	99.151	0.085555	liquid	liquid, P = 10 bar
352.62	10.000	8.6234	0.11596	23.281	23.397	95.491	112.37	165.40	605.80	0.0095320	96.558	0.084632	liquid	liquid, P = 10 bar
352.62	10.000	0.42728	2.3404	38.127	40.468	143.90	109.97	132.62	191.42	1.9881	8.8255	0.023478	vapor	vapor, P = 10 bar
355.00	10.000	0.42129	2.3737	38.409	40.783	144.79	110.35	132.26	193.32	1.9234	8.8891	0.023739	vapor	vapor, P = 10 bar
360.00	10.000	0.40956	2.4417	39.001	41.443	146.64	111.18	131.74	197.12	1.7992	9.0220	0.024301	vapor	vapor, P = 10 bar
365.00	10.000	0.39881	2.5074	39.593	42.101	148.45	112.08	131.51	200.69	1.6886	9.1538	0.024877	vapor	vapor, P = 10 bar
370.00	10.000	0.38891	2.5713	40.187	42.758	150.24	113.03	131.50	204.07	1.5893	9.2847	0.025466	vapor	vapor, P = 10 bar
375.00	10.000	0.37972	2.6335	40.783	43.416	152.01	114.02	131.67	207.29	1.4994	9.4147	0.026068	vapor	vapor, P = 10 bar
380.00	10.000	0.37116	2.6942	41.381	44.075	153.76	115.04	131.97	210.36	1.4178	9.5438	0.026680	vapor	vapor, P = 10 bar
385.00	10.000	0.36315	2.7537	41.982	44.736	155.48	116.08	132.39	213.30	1.3432	9.6721	0.027303	vapor	vapor, P = 10 bar
390.00	10.000	0.35562	2.8120	42.587	45.399	157.19	117.13	132.89	216.13	1.2750	9.7996	0.027936	vapor	vapor, P = 10 bar
395.00	10.000	0.34852	2.8693	43.196	46.065	158.89	118.20	133.46	218.85	1.2123	9.9263	0.028579	vapor	vapor, P = 10 bar
400.00	10.000	0.34181	2.9256	43.808	46.734	160.57	119.28	134.10	221.49	1.1545	10.052	0.029231	vapor	vapor, P = 10 bar
405.00	10.000	0.33544	2.9812	44.425	47.406	162.24	120.36	134.80	224.04	1.1011	10.178	0.029892	vapor	vapor, P = 10 bar
410.00	10.000	0.32939	3.0359	45.046	48.082	163.90	121.46	135.54	226.52	1.0516	10.302	0.030563	vapor	vapor, P = 10 bar
415.00	10.000	0.32363	3.0900	45.672	48.762	165.55	122.56	136.32	228.92	1.0056	10.426	0.031242	vapor	vapor, P = 10 bar
420.00	10.000	0.31812	3.1434	46.302	49.445	167.19	123.67	137.13	231.27	0.96276	10.550	0.031930	vapor	vapor, P = 10 bar
425.00	10.000	0.31286	3.1963	46.937	50.133	168.81	124.78	137.97	233.55	0.92277	10.673	0.032626	vapor	vapor, P = 10 bar
430.00	10.000	0.30783	3.2486	47.577	50.825	170.43	125.90	138.84	235.79	0.88536	10.795	0.033331	vapor	vapor, P = 10 bar
435.00	10.000	0.30299	3.3004	48.221	51.522	172.04	127.01	139.73	237.97	0.85030	10.917	0.034045	vapor	vapor, P = 10 bar
440.00	10.000	0.29835	3.3518	48.871	52.222	173.65	128.13	140.64	240.10	0.81737	11.039	0.034767	vapor	vapor, P = 10 bar
445.00	10.000	0.29388	3.4027	49.525	52.928	175.24	129.25	141.57	242.19	0.78640	11.160	0.035497	vapor	vapor, P = 10 bar
450.00	10.000	0.28958	3.4533	50.185	53.638	176.83	130.36	142.50	244.24	0.75723	11.280	0.036235	vapor	vapor, P = 10 bar
455.00	10.000	0.28543	3.5035	50.850	54.353	178.41	131.48	143.45	246.25	0.72971	11.400	0.036982	vapor	vapor, P = 10 bar
460.00	10.000	0.28143	3.5533	51.519	55.073	179.98	132.59	144.41	248.23	0.70371	11.520	0.037737	vapor	vapor, P = 10 bar
465.00	10.000	0.27756	3.6028	52.194	55.797	181.55	133.69	145.37	250.17	0.67912	11.639	0.038500	vapor	vapor, P = 10 bar
470.00	10.000	0.27382	3.6520	52.874	56.526	183.11	134.80	146.34	252.08	0.65583	11.758	0.039271	vapor	vapor, P = 10 bar
475.00	10.000	0.27020	3.7009	53.560	57.261	184.66	135.90	147.31	253.96	0.63375	11.877	0.040050	vapor	vapor, P = 10 bar
480.00	10.000	0.26670	3.7496	54.250	58.000	186.21	136.99	148.29	255.80	0.61279	11.995	0.040838	vapor	vapor, P = 10 bar
485.00	10.000	0.26330	3.7980	54.945	58.743	187.75	138.08	149.27	257.63	0.59287	12.113	0.041633	vapor	vapor, P = 10 bar
490.00	10.000	0.26000	3.8462	55.646	59.492	189.29	139.16	150.25	259.42	0.57392	12.230	0.042436	vapor	vapor, P = 10 bar
495.00	10.000	0.25680	3.8941	56.352	60.246	190.82	140.24	151.23	261.19	0.55588	12.348	0.043248	vapor	vapor, P = 10 bar
500.00	10.000	0.25369	3.9418	57.063	61.004	192.34	141.32	152.21	262.94	0.53869	12.465	0.044067	vapor	vapor, P = 10 bar
505.00	10.000	0.25067	3.9893	57.779	61.768	193.86	142.38	153.19	264.66	0.52229	12.581	0.044895	vapor	vapor, P = 10 bar
510.00	10.000	0.24773	4.0366	58.500	62.536	195.37	143.45	154.16	266.37	0.50663	12.698	0.045730	vapor	vapor, P = 10 bar
515.00	10.000	0.24487	4.0838	59.226	63.310	196.88	144.50	155.14	268.05	0.49167	12.814	0.046574	vapor	vapor, P = 10 bar
520.00	10.000	0.24209	4.1308	59.957	64.088	198.39	145.55	156.11	269.71	0.47736	12.930	0.047425	vapor	vapor, P = 10 bar
525.00	10.000	0.23937	4.1776	60.693	64.871	199.89	146.59	157.09	271.35	0.46367	13.045	0.048285	vapor	vapor, P = 10 bar
530.00	10.000	0.23673	4.2242	61.434	65.659	201.38	147.63	158.05	272.98	0.45055	13.161	0.049152	vapor	vapor, P = 10 bar
535.00	10.000	0.23415	4.2707	62.181	66.451	202.87	148.66	159.02	274.58	0.43799	13.276	0.050028	vapor	vapor, P = 10 bar
540.00	10.000	0.23164	4.3171	62.932	67.249	204.35	149.68	159.98	276.17	0.42593	13.391	0.050911	vapor	vapor, P = 10 bar
545.00	10.000	0.22919	4.3633	63.688	68.051	205.83	150.70	160.94	277.75	0.41436	13.505	0.051802	vapor	vapor, P = 10 bar
550.00	10.000	0.22679	4.4094	64.449	68.858	207.30	151.71	161.89	279.30	0.40326	13.620	0.052702	vapor	vapor, P = 10 bar
555.00	10.000	0.22445	4.4553	65.215	69.670	208.77	152.71	162.84	280.85	0.39258	13.734	0.053609	vapor	vapor, P = 10 bar
560.00	10.000	0.22217	4.5012	65.985	70.487	210.24	153.71	163.79	282.37	0.38232	13.848	0.054524	vapor	vapor, P = 10 bar
565.00	10.000	0.21993	4.5469	66.761	71.308	211.70	154.70	164.73	283.89	0.37244	13.962	0.055447	vapor	vapor, P = 10 bar
570.00	10.000	0.21775	4.5925	67.541	72.134	213.15	155.68	165.67	285.39	0.36293	14.075	0.056378	vapor	vapor, P = 10 bar
575.00	10.000	0.21561	4.6380	68.327	72.965	214.60	156.66	166.60	286.87	0.35378	14.189	0.057317	vapor	vapor, P = 10 bar
														
280.00	20.000	10.252	0.097540	12.447	12.642	61.134	96.661	135.66	1016.6	-0.035583	193.61	0.11361	liquid	liquid, P = 20 bar
285.00	20.000	10.159	0.098434	13.127	13.324	63.548	97.610	137.07	990.16	-0.034012	184.64	0.11149	liquid	liquid, P = 20 bar
290.00	20.000	10.065	0.099358	13.814	14.012	65.944	98.582	138.52	963.76	-0.032342	176.19	0.10939	liquid	liquid, P = 20 bar
295.00	20.000	9.9685	0.10032	14.508	14.709	68.325	99.575	140.04	937.38	-0.030564	168.21	0.10732	liquid	liquid, P = 20 bar
300.00	20.000	9.8708	0.10131	15.210	15.413	70.692	100.59	141.61	911.00	-0.028665	160.65	0.10528	liquid	liquid, P = 20 bar
305.00	20.000	9.7713	0.10234	15.920	16.125	73.046	101.62	143.24	884.61	-0.026631	153.49	0.10327	liquid	liquid, P = 20 bar
310.00	20.000	9.6698	0.10342	16.639	16.845	75.389	102.67	144.94	858.18	-0.024444	146.67	0.10130	liquid	liquid, P = 20 bar
315.00	20.000	9.5661	0.10454	17.366	17.575	77.722	103.74	146.71	831.69	-0.022083	140.18	0.099354	liquid	liquid, P = 20 bar
320.00	20.000	9.4601	0.10571	18.101	18.313	80.047	104.83	148.56	805.11	-0.019524	133.97	0.097443	liquid	liquid, P = 20 bar
325.00	20.000	9.3515	0.10693	18.847	19.060	82.365	105.93	150.50	778.41	-0.016736	128.03	0.095565	liquid	liquid, P = 20 bar
330.00	20.000	9.2401	0.10822	19.601	19.818	84.678	107.05	152.54	751.55	-0.013681	122.33	0.093719	liquid	liquid, P = 20 bar
335.00	20.000	9.1254	0.10958	20.367	20.586	86.988	108.18	154.68	724.49	-0.010313	116.84	0.091904	liquid	liquid, P = 20 bar
340.00	20.000	9.0072	0.11102	21.143	21.365	89.296	109.34	156.96	697.16	-0.0065748	111.54	0.090119	liquid	liquid, P = 20 bar
345.00	20.000	8.8850	0.11255	21.931	22.156	91.605	110.51	159.38	669.51	-0.0023908	106.42	0.088362	liquid	liquid, P = 20 bar
350.00	20.000	8.7582	0.11418	22.731	22.959	93.917	111.70	161.99	641.45	0.0023353	101.45	0.086633	liquid	liquid, P = 20 bar
355.00	20.000	8.6262	0.11593	23.544	23.776	96.234	112.91	164.82	612.89	0.0077315	96.611	0.084928	liquid	liquid, P = 20 bar
360.00	20.000	8.4882	0.11781	24.372	24.608	98.561	114.16	167.92	583.68	0.013971	91.884	0.083244	liquid	liquid, P = 20 bar
365.00	20.000	8.3431	0.11986	25.216	25.456	100.90	115.43	171.39	553.69	0.021298	87.246	0.081577	liquid	liquid, P = 20 bar
370.00	20.000	8.1894	0.12211	26.078	26.322	103.26	116.75	175.32	522.68	0.030062	82.673	0.079921	liquid	liquid, P = 20 bar
375.00	20.000	8.0254	0.12460	26.961	27.210	105.64	118.12	179.90	490.37	0.040796	78.135	0.078268	liquid	liquid, P = 20 bar
380.00	20.000	7.8483	0.12742	27.868	28.123	108.06	119.56	185.44	456.34	0.054351	73.595	0.076607	liquid	liquid, P = 20 bar
385.00	20.000	7.6538	0.13065	28.806	29.067	110.53	121.11	192.46	419.98	0.072192	68.998	0.074922	liquid	liquid, P = 20 bar
387.52	20.000	7.5472	0.13250	29.292	29.557	111.80	121.95	196.87	400.48	0.083608	66.635	0.074056	liquid	liquid, P = 20 bar
387.52	20.000	0.93518	1.0693	40.638	42.777	145.91	122.68	173.29	168.10	1.9174	10.393	0.030824	vapor	vapor, P = 20 bar
390.00	20.000	0.91189	1.0966	41.008	43.201	147.00	122.87	169.18	171.75	1.8207	10.431	0.030934	vapor	vapor, P = 20 bar
395.00	20.000	0.87135	1.1476	41.736	44.031	149.12	123.32	163.18	178.34	1.6577	10.516	0.031259	vapor	vapor, P = 20 bar
400.00	20.000	0.83711	1.1946	42.447	44.836	151.14	123.85	159.11	184.18	1.5254	10.611	0.031676	vapor	vapor, P = 20 bar
405.00	20.000	0.80746	1.2385	43.147	45.624	153.10	124.47	156.28	189.44	1.4145	10.712	0.032156	vapor	vapor, P = 20 bar
410.00	20.000	0.78130	1.2799	43.841	46.400	155.00	125.15	154.28	194.26	1.3196	10.816	0.032681	vapor	vapor, P = 20 bar
415.00	20.000	0.75789	1.3195	44.529	47.168	156.87	125.91	152.88	198.73	1.2370	10.924	0.033243	vapor	vapor, P = 20 bar
420.00	20.000	0.73671	1.3574	45.215	47.930	158.69	126.72	151.92	202.90	1.1641	11.033	0.033832	vapor	vapor, P = 20 bar
425.00	20.000	0.71739	1.3940	45.900	48.688	160.48	127.58	151.30	206.82	1.0990	11.145	0.034446	vapor	vapor, P = 20 bar
430.00	20.000	0.69961	1.4294	46.585	49.443	162.25	128.47	150.93	210.53	1.0406	11.256	0.035081	vapor	vapor, P = 20 bar
435.00	20.000	0.68317	1.4638	47.270	50.198	164.00	129.39	150.77	214.05	0.98760	11.368	0.035734	vapor	vapor, P = 20 bar
440.00	20.000	0.66788	1.4973	47.957	50.951	165.72	130.34	150.78	217.41	0.93934	11.481	0.036403	vapor	vapor, P = 20 bar
445.00	20.000	0.65359	1.5300	48.646	51.706	167.42	131.30	150.92	220.63	0.89515	11.595	0.037088	vapor	vapor, P = 20 bar
450.00	20.000	0.64019	1.5620	49.337	52.461	169.11	132.28	151.16	223.72	0.85451	11.709	0.037786	vapor	vapor, P = 20 bar
455.00	20.000	0.62757	1.5934	50.030	53.217	170.78	133.27	151.50	226.70	0.81697	11.823	0.038498	vapor	vapor, P = 20 bar
460.00	20.000	0.61565	1.6243	50.727	53.976	172.44	134.27	151.92	229.57	0.78220	11.937	0.039222	vapor	vapor, P = 20 bar
465.00	20.000	0.60437	1.6546	51.427	54.737	174.09	135.28	152.40	232.34	0.74988	12.051	0.039957	vapor	vapor, P = 20 bar
470.00	20.000	0.59366	1.6845	52.131	55.500	175.72	136.29	152.93	235.03	0.71977	12.165	0.040704	vapor	vapor, P = 20 bar
475.00	20.000	0.58347	1.7139	52.838	56.266	177.34	137.30	153.51	237.64	0.69163	12.279	0.041461	vapor	vapor, P = 20 bar
480.00	20.000	0.57375	1.7429	53.549	57.035	178.95	138.32	154.13	240.18	0.66528	12.393	0.042229	vapor	vapor, P = 20 bar
485.00	20.000	0.56447	1.7716	54.264	57.807	180.55	139.34	154.79	242.65	0.64055	12.507	0.043008	vapor	vapor, P = 20 bar
490.00	20.000	0.55559	1.7999	54.983	58.583	182.14	140.35	155.47	245.06	0.61730	12.621	0.043796	vapor	vapor, P = 20 bar
495.00	20.000	0.54708	1.8279	55.706	59.362	183.72	141.37	156.18	247.41	0.59540	12.735	0.044594	vapor	vapor, P = 20 bar
500.00	20.000	0.53891	1.8556	56.434	60.145	185.30	142.39	156.91	249.70	0.57473	12.848	0.045401	vapor	vapor, P = 20 bar
505.00	20.000	0.53105	1.8830	57.165	60.931	186.86	143.40	157.66	251.94	0.55520	12.962	0.046218	vapor	vapor, P = 20 bar
510.00	20.000	0.52350	1.9102	57.901	61.722	188.42	144.42	158.43	254.14	0.53671	13.075	0.047044	vapor	vapor, P = 20 bar
515.00	20.000	0.51621	1.9372	58.641	62.516	189.97	145.43	159.21	256.29	0.51918	13.188	0.047879	vapor	vapor, P = 20 bar
520.00	20.000	0.50919	1.9639	59.386	63.314	191.51	146.43	160.00	258.40	0.50255	13.301	0.048723	vapor	vapor, P = 20 bar
525.00	20.000	0.50241	1.9904	60.135	64.116	193.05	147.44	160.80	260.47	0.48675	13.413	0.049576	vapor	vapor, P = 20 bar
530.00	20.000	0.49585	2.0167	60.888	64.922	194.57	148.44	161.62	262.50	0.47172	13.526	0.050438	vapor	vapor, P = 20 bar
535.00	20.000	0.48951	2.0429	61.646	65.732	196.09	149.43	162.43	264.49	0.45740	13.638	0.051309	vapor	vapor, P = 20 bar
540.00	20.000	0.48337	2.0688	62.408	66.546	197.61	150.42	163.26	266.46	0.44374	13.751	0.052188	vapor	vapor, P = 20 bar
545.00	20.000	0.47742	2.0946	63.175	67.364	199.12	151.41	164.09	268.39	0.43071	13.863	0.053076	vapor	vapor, P = 20 bar
550.00	20.000	0.47165	2.1202	63.947	68.187	200.62	152.39	164.92	270.29	0.41827	13.974	0.053972	vapor	vapor, P = 20 bar
555.00	20.000	0.46605	2.1457	64.722	69.014	202.12	153.37	165.76	272.16	0.40636	14.086	0.054877	vapor	vapor, P = 20 bar
560.00	20.000	0.46062	2.1710	65.503	69.845	203.61	154.34	166.60	274.00	0.39497	14.198	0.055790	vapor	vapor, P = 20 bar
565.00	20.000	0.45533	2.1962	66.287	70.680	205.09	155.30	167.44	275.81	0.38406	14.309	0.056712	vapor	vapor, P = 20 bar
570.00	20.000	0.45020	2.2213	67.076	71.519	206.57	156.26	168.28	277.60	0.37360	14.420	0.057642	vapor	vapor, P = 20 bar
575.00	20.000	0.44520	2.2462	67.870	72.362	208.04	157.22	169.12	279.37	0.36357	14.531	0.058581	vapor	vapor, P = 20 bar
														
280.00	32.500	10.281	0.097266	12.386	12.703	60.917	96.722	135.28	1028.5	-0.036269	196.42	0.11446	liquid	liquid, P = 32.5 bar
285.00	32.500	10.189	0.098141	13.063	13.382	63.323	97.670	136.65	1002.5	-0.034774	187.38	0.11235	liquid	liquid, P = 32.5 bar
290.00	32.500	10.097	0.099043	13.747	14.069	65.712	98.640	138.06	976.56	-0.033192	178.87	0.11028	liquid	liquid, P = 32.5 bar
295.00	32.500	10.002	0.099976	14.438	14.763	68.084	99.632	139.53	950.69	-0.031513	170.85	0.10823	liquid	liquid, P = 32.5 bar
300.00	32.500	9.9066	0.10094	15.136	15.465	70.442	100.64	141.05	924.86	-0.029728	163.26	0.10622	liquid	liquid, P = 32.5 bar
305.00	32.500	9.8093	0.10194	15.842	16.174	72.787	101.68	142.63	899.05	-0.027826	156.07	0.10424	liquid	liquid, P = 32.5 bar
310.00	32.500	9.7102	0.10298	16.556	16.891	75.119	102.72	144.26	873.25	-0.025791	149.23	0.10229	liquid	liquid, P = 32.5 bar
315.00	32.500	9.6092	0.10407	17.278	17.616	77.441	103.79	145.95	847.45	-0.023608	142.73	0.10038	liquid	liquid, P = 32.5 bar
320.00	32.500	9.5061	0.10520	18.009	18.351	79.753	104.87	147.71	821.62	-0.021257	136.52	0.098495	liquid	liquid, P = 32.5 bar
325.00	32.500	9.4007	0.10638	18.748	19.094	82.057	105.97	149.54	795.74	-0.018714	130.59	0.096648	liquid	liquid, P = 32.5 bar
330.00	32.500	9.2928	0.10761	19.496	19.846	84.355	107.08	151.46	769.79	-0.015953	124.90	0.094836	liquid	liquid, P = 32.5 bar
335.00	32.500	9.1822	0.10891	20.254	20.608	86.647	108.21	153.46	743.73	-0.012939	119.44	0.093057	liquid	liquid, P = 32.5 bar
340.00	32.500	9.0686	0.11027	21.022	21.381	88.936	109.35	155.56	717.52	-0.0096296	114.18	0.091312	liquid	liquid, P = 32.5 bar
345.00	32.500	8.9516	0.11171	21.801	22.164	91.223	110.51	157.77	691.13	-0.0059737	109.11	0.089599	liquid	liquid, P = 32.5 bar
350.00	32.500	8.8309	0.11324	22.591	22.959	93.510	111.69	160.12	664.51	-0.0019063	104.20	0.087917	liquid	liquid, P = 32.5 bar
355.00	32.500	8.7059	0.11486	23.392	23.766	95.798	112.88	162.62	637.59	0.0026553	99.443	0.086266	liquid	liquid, P = 32.5 bar
360.00	32.500	8.5762	0.11660	24.206	24.585	98.091	114.09	165.31	610.31	0.0078182	94.815	0.084643	liquid	liquid, P = 32.5 bar
365.00	32.500	8.4411	0.11847	25.034	25.419	100.39	115.33	168.23	582.57	0.013724	90.301	0.083045	liquid	liquid, P = 32.5 bar
370.00	32.500	8.2996	0.12049	25.876	26.268	102.70	116.59	171.43	554.27	0.020564	85.884	0.081470	liquid	liquid, P = 32.5 bar
375.00	32.500	8.1507	0.12269	26.735	27.134	105.03	117.89	175.00	525.27	0.028604	81.544	0.079914	liquid	liquid, P = 32.5 bar
380.00	32.500	7.9930	0.12511	27.612	28.019	107.37	119.23	179.05	495.40	0.038226	77.260	0.078371	liquid	liquid, P = 32.5 bar
385.00	32.500	7.8245	0.12780	28.510	28.926	109.74	120.62	183.77	464.41	0.050001	73.005	0.076834	liquid	liquid, P = 32.5 bar
390.00	32.500	7.6425	0.13085	29.433	29.858	112.15	122.09	189.45	432.00	0.064828	68.747	0.075294	liquid	liquid, P = 32.5 bar
395.00	32.500	7.4429	0.13436	30.386	30.823	114.60	123.66	196.61	397.69	0.084222	64.440	0.073736	liquid	liquid, P = 32.5 bar
400.00	32.500	7.2191	0.13852	31.378	31.828	117.13	125.37	206.24	360.76	0.11097	60.012	0.072141	liquid	liquid, P = 32.5 bar
405.00	32.500	6.9589	0.14370	32.426	32.893	119.78	127.32	220.62	319.99	0.15092	55.339	0.070480	liquid	liquid, P = 32.5 bar
410.00	32.500	6.6362	0.15069	33.563	34.053	122.63	129.68	246.54	272.91	0.21925	50.157	0.068718	liquid	liquid, P = 32.5 bar
415.00	32.500	6.1671	0.16215	34.901	35.428	125.96	133.10	320.54	212.48	0.37684	43.632	0.066964	liquid	liquid, P = 32.5 bar
415.67	32.500	6.0773	0.16455	35.116	35.651	126.49	133.76	344.96	202.16	0.41801	42.500	0.066809	liquid	liquid, P = 32.5 bar
415.67	32.500	1.9614	0.50984	41.690	43.347	145.01	138.01	386.01	132.33	2.0910	13.747	0.045984	vapor	vapor, P = 32.5 bar
420.00	32.500	1.7343	0.57661	42.798	44.672	148.18	135.01	260.17	146.55	1.7748	13.190	0.041952	vapor	vapor, P = 32.5 bar
425.00	32.500	1.5866	0.63029	43.807	45.856	150.98	133.93	219.47	157.90	1.5542	12.948	0.040625	vapor	vapor, P = 32.5 bar
430.00	32.500	1.4838	0.67395	44.711	46.901	153.43	133.70	200.53	166.90	1.3980	12.815	0.040203	vapor	vapor, P = 32.5 bar
435.00	32.500	1.4044	0.71202	45.560	47.874	155.68	133.87	189.50	174.52	1.2771	12.767	0.040164	vapor	vapor, P = 32.5 bar
440.00	32.500	1.3398	0.74640	46.377	48.802	157.80	134.27	182.35	181.22	1.1788	12.759	0.040338	vapor	vapor, P = 32.5 bar
445.00	32.500	1.2852	0.77810	47.172	49.701	159.83	134.80	177.41	187.23	1.0963	12.777	0.040646	vapor	vapor, P = 32.5 bar
450.00	32.500	1.2380	0.80776	47.954	50.579	161.79	135.44	173.88	192.72	1.0254	12.814	0.041048	vapor	vapor, P = 32.5 bar
455.00	32.500	1.1965	0.83579	48.725	51.441	163.70	136.14	171.29	197.78	0.96362	12.864	0.041520	vapor	vapor, P = 32.5 bar
460.00	32.500	1.1594	0.86248	49.490	52.293	165.56	136.90	169.37	202.48	0.90899	12.924	0.042045	vapor	vapor, P = 32.5 bar
465.00	32.500	1.1260	0.88807	50.250	53.136	167.38	137.69	167.96	206.90	0.86023	12.991	0.042613	vapor	vapor, P = 32.5 bar
470.00	32.500	1.0956	0.91270	51.007	53.973	169.17	138.52	166.93	211.06	0.81634	13.065	0.043218	vapor	vapor, P = 32.5 bar
475.00	32.500	1.0678	0.93652	51.762	54.806	170.94	139.37	166.19	215.00	0.77654	13.144	0.043852	vapor	vapor, P = 32.5 bar
480.00	32.500	1.0421	0.95962	52.517	55.635	172.67	140.24	165.69	218.75	0.74025	13.226	0.044513	vapor	vapor, P = 32.5 bar
485.00	32.500	1.0182	0.98209	53.271	56.463	174.39	141.13	165.38	222.33	0.70698	13.312	0.045198	vapor	vapor, P = 32.5 bar
490.00	32.500	0.99602	1.0040	54.026	57.289	176.09	142.03	165.23	225.76	0.67635	13.401	0.045903	vapor	vapor, P = 32.5 bar
495.00	32.500	0.97523	1.0254	54.783	58.115	177.76	142.94	165.21	229.05	0.64803	13.491	0.046627	vapor	vapor, P = 32.5 bar
500.00	32.500	0.95570	1.0464	55.541	58.942	179.42	143.87	165.30	232.22	0.62176	13.584	0.047369	vapor	vapor, P = 32.5 bar
505.00	32.500	0.93730	1.0669	56.301	59.769	181.07	144.80	165.48	235.28	0.59730	13.678	0.048127	vapor	vapor, P = 32.5 bar
510.00	32.500	0.91991	1.0871	57.064	60.597	182.70	145.73	165.74	238.24	0.57448	13.774	0.048900	vapor	vapor, P = 32.5 bar
515.00	32.500	0.90343	1.1069	57.829	61.426	184.32	146.67	166.07	241.11	0.55312	13.871	0.049688	vapor	vapor, P = 32.5 bar
520.00	32.500	0.88778	1.1264	58.597	62.257	185.93	147.61	166.45	243.89	0.53309	13.968	0.050488	vapor	vapor, P = 32.5 bar
525.00	32.500	0.87288	1.1456	59.368	63.091	187.52	148.55	166.88	246.59	0.51425	14.067	0.051302	vapor	vapor, P = 32.5 bar
530.00	32.500	0.85868	1.1646	60.141	63.926	189.10	149.49	167.36	249.21	0.49651	14.166	0.052128	vapor	vapor, P = 32.5 bar
535.00	32.500	0.84511	1.1833	60.919	64.764	190.68	150.44	167.87	251.77	0.47977	14.267	0.052966	vapor	vapor, P = 32.5 bar
540.00	32.500	0.83211	1.2018	61.699	65.605	192.24	151.38	168.41	254.27	0.46394	14.367	0.053816	vapor	vapor, P = 32.5 bar
545.00	32.500	0.81966	1.2200	62.484	66.449	193.80	152.32	168.98	256.70	0.44896	14.468	0.054677	vapor	vapor, P = 32.5 bar
550.00	32.500	0.80771	1.2381	63.271	67.295	195.34	153.26	169.58	259.08	0.43475	14.570	0.055548	vapor	vapor, P = 32.5 bar
555.00	32.500	0.79622	1.2559	64.063	68.144	196.88	154.20	170.20	261.41	0.42125	14.672	0.056431	vapor	vapor, P = 32.5 bar
560.00	32.500	0.78516	1.2736	64.858	68.997	198.41	155.13	170.83	263.68	0.40842	14.774	0.057323	vapor	vapor, P = 32.5 bar
565.00	32.500	0.77451	1.2911	65.657	69.853	199.93	156.07	171.49	265.91	0.39620	14.877	0.058226	vapor	vapor, P = 32.5 bar
570.00	32.500	0.76423	1.3085	66.459	70.712	201.45	157.00	172.15	268.10	0.38456	14.979	0.059138	vapor	vapor, P = 32.5 bar
575.00	32.500	0.75431	1.3257	67.266	71.574	202.95	157.92	172.83	270.24	0.37345	15.082	0.060061	vapor	vapor, P = 32.5 bar
