Temperature (K)	Pressure (bar)	Density (mol/l)	Volume (l/mol)	Internal Energy (kJ/mol)	Enthalpy (kJ/mol)	Entropy (J/mol*K)	Cv (J/mol*K)	Cp (J/mol*K)	Sound Spd. (m/s)	Joule-Thomson (K/bar)	Viscosity (uPa*s)	Therm. Cond. (W/m*K)	Phase	Curve
280.00	5.0000	10.217	0.097880	12.521	12.570	61.402	96.589	136.15	1001.9	-0.034699	190.24	0.11258	liquid	liquid, P = 5 bar
285.00	5.0000	10.121	0.098800	13.205	13.254	63.824	97.539	137.61	974.91	-0.033024	181.34	0.11042	liquid	liquid, P = 5 bar
290.00	5.0000	10.025	0.099753	13.896	13.946	66.231	98.511	139.12	947.89	-0.031237	172.94	0.10829	liquid	liquid, P = 5 bar
295.00	5.0000	9.9263	0.10074	14.595	14.646	68.622	99.506	140.70	920.84	-0.029323	165.01	0.10619	liquid	liquid, P = 5 bar
300.00	5.0000	9.8260	0.10177	15.302	15.353	71.001	100.52	142.34	893.74	-0.027267	157.49	0.10412	liquid	liquid, P = 5 bar
305.00	5.0000	9.7237	0.10284	16.018	16.069	73.368	101.56	144.06	866.56	-0.025050	150.35	0.10208	liquid	liquid, P = 5 bar
310.00	5.0000	9.6190	0.10396	16.742	16.794	75.725	102.61	145.86	839.28	-0.022649	143.55	0.10007	liquid	liquid, P = 5 bar
315.00	5.0000	9.5119	0.10513	17.475	17.528	78.073	103.69	147.74	811.86	-0.020036	137.06	0.098090	liquid	liquid, P = 5 bar
320.00	5.0000	9.4020	0.10636	18.218	18.272	80.415	104.78	149.72	784.25	-0.017176	130.85	0.096139	liquid	liquid, P = 5 bar
323.48	5.0000	9.3238	0.10725	18.741	18.795	82.041	105.55	151.16	764.92	-0.015020	126.68	0.094800	liquid	liquid, P = 5 bar
323.48	5.0000	0.21237	4.7088	35.819	38.173	141.95	100.38	115.61	200.14	2.2852	7.9687	0.019417	vapor	vapor, P = 5 bar
325.00	5.0000	0.21082	4.7433	35.978	38.349	142.49	100.68	115.72	201.02	2.2415	8.0098	0.019582	vapor	vapor, P = 5 bar
330.00	5.0000	0.20597	4.8550	36.502	38.929	144.26	101.69	116.18	203.83	2.1069	8.1441	0.020127	vapor	vapor, P = 5 bar
335.00	5.0000	0.20142	4.9647	37.029	39.511	146.01	102.73	116.75	206.54	1.9847	8.2772	0.020680	vapor	vapor, P = 5 bar
340.00	5.0000	0.19714	5.0725	37.560	40.097	147.75	103.80	117.39	209.14	1.8733	8.4091	0.021242	vapor	vapor, P = 5 bar
345.00	5.0000	0.19310	5.1786	38.096	40.685	149.47	104.90	118.11	211.66	1.7714	8.5401	0.021813	vapor	vapor, P = 5 bar
350.00	5.0000	0.18928	5.2833	38.636	41.278	151.17	106.01	118.89	214.11	1.6780	8.6700	0.022392	vapor	vapor, P = 5 bar
355.00	5.0000	0.18565	5.3866	39.181	41.874	152.86	107.14	119.72	216.48	1.5920	8.7992	0.022978	vapor	vapor, P = 5 bar
360.00	5.0000	0.18219	5.4888	39.731	42.475	154.54	108.28	120.60	218.79	1.5127	8.9275	0.023573	vapor	vapor, P = 5 bar
365.00	5.0000	0.17890	5.5898	40.286	43.080	156.21	109.44	121.52	221.04	1.4393	9.0550	0.024176	vapor	vapor, P = 5 bar
370.00	5.0000	0.17575	5.6898	40.845	43.690	157.87	110.61	122.47	223.23	1.3712	9.1818	0.024788	vapor	vapor, P = 5 bar
375.00	5.0000	0.17274	5.7890	41.411	44.305	159.52	111.79	123.45	225.37	1.3078	9.3080	0.025407	vapor	vapor, P = 5 bar
380.00	5.0000	0.16986	5.8873	41.981	44.925	161.16	112.97	124.45	227.47	1.2488	9.4335	0.026034	vapor	vapor, P = 5 bar
385.00	5.0000	0.16709	5.9848	42.557	45.550	162.80	114.16	125.47	229.53	1.1937	9.5584	0.026668	vapor	vapor, P = 5 bar
390.00	5.0000	0.16443	6.0817	43.139	46.180	164.42	115.35	126.51	231.54	1.1422	9.6828	0.027311	vapor	vapor, P = 5 bar
395.00	5.0000	0.16187	6.1778	43.726	46.815	166.04	116.54	127.56	233.52	1.0939	9.8066	0.027962	vapor	vapor, P = 5 bar
400.00	5.0000	0.15940	6.2734	44.319	47.455	167.65	117.74	128.62	235.46	1.0487	9.9299	0.028621	vapor	vapor, P = 5 bar
405.00	5.0000	0.15703	6.3684	44.917	48.101	169.26	118.93	129.69	237.37	1.0062	10.053	0.029288	vapor	vapor, P = 5 bar
410.00	5.0000	0.15473	6.4629	45.521	48.752	170.86	120.12	130.77	239.25	0.96634	10.175	0.029962	vapor	vapor, P = 5 bar
415.00	5.0000	0.15251	6.5569	46.130	49.409	172.45	121.31	131.86	241.10	0.92878	10.297	0.030645	vapor	vapor, P = 5 bar
420.00	5.0000	0.15037	6.6504	46.746	50.071	174.03	122.50	132.95	242.92	0.89338	10.419	0.031335	vapor	vapor, P = 5 bar
425.00	5.0000	0.14829	6.7435	47.366	50.738	175.61	123.68	134.04	244.71	0.85996	10.540	0.032033	vapor	vapor, P = 5 bar
430.00	5.0000	0.14628	6.8362	47.993	51.411	177.19	124.86	135.14	246.48	0.82840	10.660	0.032739	vapor	vapor, P = 5 bar
435.00	5.0000	0.14433	6.9285	48.625	52.090	178.76	126.04	136.23	248.23	0.79854	10.781	0.033453	vapor	vapor, P = 5 bar
440.00	5.0000	0.14244	7.0205	49.263	52.774	180.32	127.21	137.33	249.95	0.77026	10.901	0.034175	vapor	vapor, P = 5 bar
445.00	5.0000	0.14060	7.1121	49.907	53.463	181.88	128.38	138.43	251.66	0.74346	11.020	0.034905	vapor	vapor, P = 5 bar
450.00	5.0000	0.13882	7.2035	50.556	54.158	183.43	129.54	139.53	253.34	0.71802	11.140	0.035643	vapor	vapor, P = 5 bar
455.00	5.0000	0.13709	7.2945	51.211	54.858	184.98	130.70	140.62	255.00	0.69387	11.259	0.036388	vapor	vapor, P = 5 bar
460.00	5.0000	0.13541	7.3852	51.871	55.564	186.52	131.85	141.71	256.65	0.67090	11.377	0.037142	vapor	vapor, P = 5 bar
465.00	5.0000	0.13377	7.4757	52.537	56.275	188.06	132.99	142.80	258.27	0.64905	11.496	0.037903	vapor	vapor, P = 5 bar
470.00	5.0000	0.13217	7.5659	53.209	56.992	189.59	134.13	143.89	259.88	0.62824	11.614	0.038672	vapor	vapor, P = 5 bar
475.00	5.0000	0.13062	7.6559	53.886	57.714	191.12	135.26	144.97	261.48	0.60841	11.732	0.039449	vapor	vapor, P = 5 bar
480.00	5.0000	0.12910	7.7457	54.569	58.442	192.64	136.39	146.05	263.05	0.58949	11.850	0.040235	vapor	vapor, P = 5 bar
485.00	5.0000	0.12763	7.8352	55.257	59.175	194.16	137.50	147.12	264.62	0.57143	11.967	0.041028	vapor	vapor, P = 5 bar
490.00	5.0000	0.12619	7.9246	55.951	59.913	195.68	138.62	148.19	266.16	0.55418	12.084	0.041828	vapor	vapor, P = 5 bar
495.00	5.0000	0.12479	8.0137	56.650	60.656	197.19	139.72	149.25	267.70	0.53769	12.201	0.042637	vapor	vapor, P = 5 bar
500.00	5.0000	0.12342	8.1027	57.354	61.405	198.69	140.82	150.31	269.22	0.52191	12.318	0.043454	vapor	vapor, P = 5 bar
505.00	5.0000	0.12208	8.1915	58.064	62.160	200.19	141.91	151.36	270.72	0.50680	12.434	0.044278	vapor	vapor, P = 5 bar
510.00	5.0000	0.12077	8.2801	58.779	62.919	201.69	142.99	152.41	272.22	0.49233	12.550	0.045111	vapor	vapor, P = 5 bar
515.00	5.0000	0.11950	8.3685	59.499	63.684	203.18	144.06	153.45	273.70	0.47845	12.666	0.045951	vapor	vapor, P = 5 bar
520.00	5.0000	0.11825	8.4568	60.225	64.454	204.67	145.13	154.49	275.17	0.46514	12.782	0.046800	vapor	vapor, P = 5 bar
525.00	5.0000	0.11703	8.5450	60.956	65.229	206.15	146.19	155.52	276.62	0.45237	12.897	0.047656	vapor	vapor, P = 5 bar
530.00	5.0000	0.11583	8.6330	61.692	66.009	207.63	147.24	156.54	278.07	0.44010	13.013	0.048520	vapor	vapor, P = 5 bar
535.00	5.0000	0.11467	8.7209	62.434	66.794	209.11	148.29	157.56	279.50	0.42831	13.128	0.049392	vapor	vapor, P = 5 bar
540.00	5.0000	0.11353	8.8086	63.180	67.584	210.58	149.33	158.57	280.93	0.41698	13.243	0.050272	vapor	vapor, P = 5 bar
545.00	5.0000	0.11241	8.8962	63.932	68.380	212.04	150.36	159.58	282.34	0.40607	13.358	0.051160	vapor	vapor, P = 5 bar
550.00	5.0000	0.11131	8.9837	64.688	69.180	213.50	151.38	160.58	283.75	0.39558	13.472	0.052056	vapor	vapor, P = 5 bar
555.00	5.0000	0.11024	9.0711	65.450	69.985	214.96	152.40	161.57	285.14	0.38547	13.587	0.052960	vapor	vapor, P = 5 bar
560.00	5.0000	0.10919	9.1584	66.217	70.796	216.42	153.40	162.55	286.52	0.37573	13.701	0.053872	vapor	vapor, P = 5 bar
565.00	5.0000	0.10816	9.2456	66.988	71.611	217.86	154.40	163.53	287.90	0.36634	13.815	0.054791	vapor	vapor, P = 5 bar
570.00	5.0000	0.10715	9.3326	67.765	72.431	219.31	155.40	164.51	289.26	0.35729	13.929	0.055719	vapor	vapor, P = 5 bar
575.00	5.0000	0.10616	9.4196	68.546	73.256	220.75	156.38	165.47	290.62	0.34855	14.042	0.056654	vapor	vapor, P = 5 bar
														
280.00	15.000	10.240	0.097652	12.471	12.618	61.223	96.637	135.82	1011.7	-0.035296	192.49	0.11327	liquid	liquid, P = 15 bar
285.00	15.000	10.147	0.098554	13.152	13.300	63.639	97.586	137.24	985.13	-0.033692	183.54	0.11113	liquid	liquid, P = 15 bar
290.00	15.000	10.051	0.099488	13.841	13.990	66.039	98.558	138.72	958.53	-0.031985	175.11	0.10902	liquid	liquid, P = 15 bar
295.00	15.000	9.9546	0.10046	14.537	14.688	68.423	99.552	140.25	931.93	-0.030164	167.14	0.10694	liquid	liquid, P = 15 bar
300.00	15.000	9.8561	0.10146	15.241	15.393	70.793	100.57	141.85	905.32	-0.028215	159.60	0.10490	liquid	liquid, P = 15 bar
305.00	15.000	9.7556	0.10250	15.952	16.106	73.152	101.60	143.51	878.68	-0.026123	152.45	0.10288	liquid	liquid, P = 15 bar
310.00	15.000	9.6531	0.10359	16.673	16.828	75.499	102.65	145.24	851.98	-0.023869	145.64	0.10089	liquid	liquid, P = 15 bar
315.00	15.000	9.5484	0.10473	17.402	17.559	77.837	103.72	147.04	825.19	-0.021429	139.15	0.098937	liquid	liquid, P = 15 bar
320.00	15.000	9.4411	0.10592	18.140	18.299	80.168	104.81	148.93	798.29	-0.018777	132.94	0.097014	liquid	liquid, P = 15 bar
325.00	15.000	9.3312	0.10717	18.887	19.048	82.492	105.91	150.92	771.23	-0.015877	126.99	0.095122	liquid	liquid, P = 15 bar
330.00	15.000	9.2181	0.10848	19.645	19.808	84.812	107.04	153.01	743.97	-0.012688	121.28	0.093261	liquid	liquid, P = 15 bar
335.00	15.000	9.1017	0.10987	20.414	20.578	87.129	108.18	155.22	716.46	-0.0091570	115.78	0.091430	liquid	liquid, P = 15 bar
340.00	15.000	8.9814	0.11134	21.193	21.360	89.446	109.33	157.58	688.63	-0.0052168	110.46	0.089627	liquid	liquid, P = 15 bar
345.00	15.000	8.8568	0.11291	21.985	22.154	91.765	110.51	160.11	660.40	-0.00078039	105.32	0.087851	liquid	liquid, P = 15 bar
350.00	15.000	8.7273	0.11458	22.790	22.962	94.088	111.71	162.85	631.67	0.0042666	100.31	0.086100	liquid	liquid, P = 15 bar
355.00	15.000	8.5921	0.11639	23.609	23.783	96.418	112.94	165.84	602.32	0.010079	95.434	0.084370	liquid	liquid, P = 15 bar
360.00	15.000	8.4502	0.11834	24.443	24.621	98.761	114.19	169.16	572.19	0.016872	90.656	0.082658	liquid	liquid, P = 15 bar
365.00	15.000	8.3002	0.12048	25.295	25.476	101.12	115.49	172.92	541.07	0.024953	85.954	0.080957	liquid	liquid, P = 15 bar
370.00	15.000	8.1406	0.12284	26.167	26.351	103.50	116.84	177.27	508.67	0.034787	81.299	0.079261	liquid	liquid, P = 15 bar
372.27	15.000	8.0642	0.12401	26.571	26.757	104.59	117.47	179.51	493.40	0.040024	79.188	0.078488	liquid	liquid, P = 15 bar
372.27	15.000	0.66400	1.5060	39.606	41.865	145.18	116.73	150.04	180.43	1.9093	9.5820	0.027090	vapor	vapor, P = 15 bar
375.00	15.000	0.65043	1.5375	39.966	42.272	146.27	117.09	148.47	183.37	1.8257	9.6468	0.027347	vapor	vapor, P = 15 bar
380.00	15.000	0.62796	1.5925	40.620	43.009	148.22	117.83	146.31	188.38	1.6901	9.7670	0.027852	vapor	vapor, P = 15 bar
385.00	15.000	0.60804	1.6446	41.269	43.736	150.12	118.62	144.82	192.96	1.5732	9.8883	0.028391	vapor	vapor, P = 15 bar
390.00	15.000	0.59015	1.6945	41.916	44.458	151.98	119.45	143.79	197.21	1.4710	10.010	0.028956	vapor	vapor, P = 15 bar
395.00	15.000	0.57391	1.7424	42.561	45.175	153.81	120.32	143.12	201.18	1.3808	10.132	0.029544	vapor	vapor, P = 15 bar
400.00	15.000	0.55906	1.7887	43.206	45.889	155.61	121.21	142.73	204.92	1.3005	10.255	0.030150	vapor	vapor, P = 15 bar
405.00	15.000	0.54537	1.8336	43.852	46.602	157.38	122.13	142.55	208.45	1.2284	10.377	0.030772	vapor	vapor, P = 15 bar
410.00	15.000	0.53268	1.8773	44.499	47.315	159.13	123.08	142.56	211.81	1.1632	10.499	0.031410	vapor	vapor, P = 15 bar
415.00	15.000	0.52086	1.9199	45.148	48.028	160.86	124.06	142.71	215.02	1.1040	10.621	0.032061	vapor	vapor, P = 15 bar
420.00	15.000	0.50980	1.9616	45.800	48.743	162.57	125.05	142.99	218.10	1.0499	10.742	0.032724	vapor	vapor, P = 15 bar
425.00	15.000	0.49941	2.0024	46.455	49.458	164.26	126.06	143.36	221.05	1.0003	10.864	0.033400	vapor	vapor, P = 15 bar
430.00	15.000	0.48961	2.0424	47.113	50.176	165.94	127.08	143.82	223.90	0.95449	10.984	0.034087	vapor	vapor, P = 15 bar
435.00	15.000	0.48035	2.0818	47.774	50.897	167.61	128.12	144.35	226.65	0.91217	11.105	0.034784	vapor	vapor, P = 15 bar
440.00	15.000	0.47157	2.1206	48.439	51.620	169.26	129.16	144.94	229.31	0.87290	11.225	0.035492	vapor	vapor, P = 15 bar
445.00	15.000	0.46322	2.1588	49.108	52.346	170.90	130.22	145.58	231.89	0.83638	11.344	0.036210	vapor	vapor, P = 15 bar
450.00	15.000	0.45527	2.1965	49.781	53.076	172.53	131.27	146.26	234.40	0.80231	11.464	0.036938	vapor	vapor, P = 15 bar
455.00	15.000	0.44769	2.2337	50.458	53.809	174.15	132.33	146.98	236.84	0.77046	11.583	0.037675	vapor	vapor, P = 15 bar
460.00	15.000	0.44044	2.2705	51.140	54.546	175.76	133.39	147.73	239.22	0.74062	11.701	0.038421	vapor	vapor, P = 15 bar
465.00	15.000	0.43349	2.3068	51.826	55.286	177.36	134.45	148.50	241.54	0.71261	11.820	0.039177	vapor	vapor, P = 15 bar
470.00	15.000	0.42683	2.3428	52.516	56.031	178.96	135.51	149.30	243.80	0.68627	11.938	0.039942	vapor	vapor, P = 15 bar
475.00	15.000	0.42043	2.3785	53.212	56.779	180.54	136.57	150.11	246.01	0.66146	12.055	0.040715	vapor	vapor, P = 15 bar
480.00	15.000	0.41428	2.4138	53.911	57.532	182.12	137.63	150.94	248.18	0.63804	12.173	0.041498	vapor	vapor, P = 15 bar
485.00	15.000	0.40835	2.4489	54.615	58.289	183.69	138.69	151.79	250.30	0.61592	12.290	0.042289	vapor	vapor, P = 15 bar
490.00	15.000	0.40264	2.4836	55.324	59.050	185.25	139.74	152.64	252.38	0.59499	12.406	0.043089	vapor	vapor, P = 15 bar
495.00	15.000	0.39713	2.5181	56.038	59.815	186.80	140.79	153.51	254.42	0.57516	12.523	0.043897	vapor	vapor, P = 15 bar
500.00	15.000	0.39180	2.5523	56.756	60.585	188.35	141.84	154.39	256.43	0.55634	12.639	0.044714	vapor	vapor, P = 15 bar
505.00	15.000	0.38665	2.5863	57.480	61.359	189.89	142.88	155.27	258.40	0.53847	12.755	0.045539	vapor	vapor, P = 15 bar
510.00	15.000	0.38167	2.6201	58.207	62.138	191.42	143.92	156.15	260.33	0.52147	12.870	0.046373	vapor	vapor, P = 15 bar
515.00	15.000	0.37684	2.6537	58.940	62.921	192.95	144.96	157.05	262.24	0.50530	12.986	0.047215	vapor	vapor, P = 15 bar
520.00	15.000	0.37216	2.6870	59.677	63.708	194.47	145.99	157.94	264.11	0.48988	13.101	0.048065	vapor	vapor, P = 15 bar
525.00	15.000	0.36762	2.7202	60.420	64.500	195.99	147.01	158.84	265.96	0.47518	13.215	0.048924	vapor	vapor, P = 15 bar
530.00	15.000	0.36321	2.7532	61.167	65.296	197.50	148.03	159.74	267.78	0.46114	13.330	0.049790	vapor	vapor, P = 15 bar
535.00	15.000	0.35893	2.7861	61.918	66.097	199.00	149.04	160.64	269.57	0.44773	13.444	0.050665	vapor	vapor, P = 15 bar
540.00	15.000	0.35477	2.8187	62.675	66.903	200.50	150.05	161.54	271.34	0.43490	13.558	0.051549	vapor	vapor, P = 15 bar
545.00	15.000	0.35072	2.8513	63.436	67.713	201.99	151.05	162.44	273.09	0.42262	13.672	0.052440	vapor	vapor, P = 15 bar
550.00	15.000	0.34678	2.8837	64.202	68.527	203.48	152.05	163.34	274.81	0.41086	13.786	0.053340	vapor	vapor, P = 15 bar
555.00	15.000	0.34295	2.9159	64.972	69.346	204.96	153.04	164.24	276.51	0.39959	13.899	0.054247	vapor	vapor, P = 15 bar
560.00	15.000	0.33921	2.9480	65.747	70.170	206.44	154.02	165.13	278.19	0.38877	14.012	0.055163	vapor	vapor, P = 15 bar
565.00	15.000	0.33557	2.9800	66.527	70.997	207.91	155.00	166.03	279.85	0.37838	14.125	0.056087	vapor	vapor, P = 15 bar
570.00	15.000	0.33202	3.0119	67.312	71.830	209.38	155.97	166.92	281.49	0.36841	14.238	0.057019	vapor	vapor, P = 15 bar
575.00	15.000	0.32855	3.0436	68.101	72.667	210.84	156.94	167.81	283.12	0.35882	14.351	0.057959	vapor	vapor, P = 15 bar
														
280.00	27.500	10.270	0.097375	12.410	12.678	61.003	96.698	135.43	1023.7	-0.036000	195.30	0.11412	liquid	liquid, P = 27.5 bar
285.00	27.500	10.177	0.098257	13.088	13.359	63.412	97.646	136.81	997.59	-0.034475	186.29	0.11201	liquid	liquid, P = 27.5 bar
290.00	27.500	10.084	0.099168	13.774	14.046	65.804	98.617	138.24	971.48	-0.032859	177.80	0.10992	liquid	liquid, P = 27.5 bar
295.00	27.500	9.9890	0.10011	14.466	14.741	68.180	99.609	139.73	945.41	-0.031142	169.79	0.10787	liquid	liquid, P = 27.5 bar
300.00	27.500	9.8924	0.10109	15.166	15.444	70.541	100.62	141.27	919.37	-0.029314	162.22	0.10584	liquid	liquid, P = 27.5 bar
305.00	27.500	9.7942	0.10210	15.873	16.154	72.889	101.65	142.87	893.33	-0.027360	155.04	0.10385	liquid	liquid, P = 27.5 bar
310.00	27.500	9.6942	0.10315	16.589	16.872	75.226	102.70	144.53	867.29	-0.025267	148.21	0.10190	liquid	liquid, P = 27.5 bar
315.00	27.500	9.5922	0.10425	17.313	17.599	77.552	103.77	146.25	841.22	-0.023016	141.71	0.099970	liquid	liquid, P = 27.5 bar
320.00	27.500	9.4879	0.10540	18.045	18.335	79.869	104.85	148.04	815.11	-0.020585	135.51	0.098078	liquid	liquid, P = 27.5 bar
325.00	27.500	9.3813	0.10659	18.787	19.080	82.179	105.95	149.91	788.91	-0.017950	129.57	0.096219	liquid	liquid, P = 27.5 bar
330.00	27.500	9.2721	0.10785	19.538	19.834	84.482	107.07	151.87	762.61	-0.015078	123.88	0.094394	liquid	liquid, P = 27.5 bar
335.00	27.500	9.1599	0.10917	20.299	20.599	86.781	108.20	153.93	736.17	-0.011931	118.41	0.092601	liquid	liquid, P = 27.5 bar
340.00	27.500	9.0445	0.11056	21.070	21.374	89.078	109.35	156.09	709.54	-0.0084613	113.14	0.090840	liquid	liquid, P = 27.5 bar
345.00	27.500	8.9255	0.11204	21.852	22.160	91.373	110.51	158.38	682.67	-0.0046097	108.05	0.089111	liquid	liquid, P = 27.5 bar
350.00	27.500	8.8025	0.11360	22.645	22.958	93.669	111.69	160.82	655.51	-0.00030021	103.12	0.087411	liquid	liquid, P = 27.5 bar
355.00	27.500	8.6749	0.11527	23.451	23.768	95.969	112.89	163.44	627.98	0.0045650	98.328	0.085740	liquid	liquid, P = 27.5 bar
360.00	27.500	8.5421	0.11707	24.271	24.593	98.274	114.11	166.28	599.99	0.010115	93.664	0.084094	liquid	liquid, P = 27.5 bar
365.00	27.500	8.4032	0.11900	25.104	25.432	100.59	115.36	169.39	571.42	0.016524	89.106	0.082471	liquid	liquid, P = 27.5 bar
370.00	27.500	8.2573	0.12110	25.954	26.287	102.92	116.65	172.85	542.15	0.024032	84.633	0.080867	liquid	liquid, P = 27.5 bar
375.00	27.500	8.1030	0.12341	26.822	27.161	105.26	117.97	176.75	511.98	0.032986	80.224	0.079276	liquid	liquid, P = 27.5 bar
380.00	27.500	7.9385	0.12597	27.709	28.056	107.63	119.34	181.28	480.67	0.043899	75.852	0.077691	liquid	liquid, P = 27.5 bar
385.00	27.500	7.7611	0.12885	28.621	28.975	110.04	120.79	186.71	447.88	0.057580	71.484	0.076103	liquid	liquid, P = 27.5 bar
390.00	27.500	7.5671	0.13215	29.562	29.925	112.49	122.33	193.49	413.12	0.075383	67.072	0.074498	liquid	liquid, P = 27.5 bar
395.00	27.500	7.3503	0.13605	30.540	30.914	115.01	124.01	202.55	375.63	0.099797	62.548	0.072856	liquid	liquid, P = 27.5 bar
400.00	27.500	7.0995	0.14085	31.570	31.958	117.63	125.92	215.96	334.08	0.13605	57.787	0.071145	liquid	liquid, P = 27.5 bar
405.00	27.500	6.7907	0.14726	32.685	33.090	120.45	128.24	239.85	285.74	0.19776	52.530	0.069323	liquid	liquid, P = 27.5 bar
405.67	27.500	6.7419	0.14833	32.845	33.253	120.85	128.60	244.78	278.42	0.20980	51.754	0.069067	liquid	liquid, P = 27.5 bar
405.67	27.500	1.4549	0.68732	41.558	43.448	145.98	131.43	242.09	147.51	2.0118	11.996	0.037880	vapor	vapor, P = 27.5 bar
410.00	27.500	1.3520	0.73967	42.382	44.416	148.35	130.53	209.78	157.43	1.7702	11.886	0.036993	vapor	vapor, P = 27.5 bar
415.00	27.500	1.2668	0.78939	43.244	45.415	150.77	130.20	191.73	166.51	1.5770	11.847	0.036715	vapor	vapor, P = 27.5 bar
420.00	27.500	1.2011	0.83260	44.056	46.346	153.00	130.29	181.44	174.11	1.4320	11.856	0.036780	vapor	vapor, P = 27.5 bar
425.00	27.500	1.1473	0.87160	44.839	47.236	155.11	130.63	174.87	180.73	1.3162	11.898	0.037029	vapor	vapor, P = 27.5 bar
430.00	27.500	1.1018	0.90757	45.602	48.098	157.13	131.14	170.39	186.66	1.2202	11.946	0.037394	vapor	vapor, P = 27.5 bar
435.00	27.500	1.0624	0.94124	46.353	48.942	159.08	131.77	167.24	192.04	1.1383	12.012	0.037838	vapor	vapor, P = 27.5 bar
440.00	27.500	1.0276	0.97310	47.096	49.772	160.98	132.47	164.96	197.00	1.0674	12.087	0.038341	vapor	vapor, P = 27.5 bar
445.00	27.500	0.99654	1.0035	47.833	50.592	162.83	133.24	163.32	201.60	1.0049	12.168	0.038889	vapor	vapor, P = 27.5 bar
450.00	27.500	0.96843	1.0326	48.566	51.406	164.65	134.05	162.13	205.91	0.94936	12.255	0.039474	vapor	vapor, P = 27.5 bar
455.00	27.500	0.94279	1.0607	49.297	52.214	166.43	134.89	161.30	209.98	0.89948	12.345	0.040090	vapor	vapor, P = 27.5 bar
460.00	27.500	0.91925	1.0878	50.028	53.019	168.19	135.76	160.74	213.82	0.85438	12.439	0.040731	vapor	vapor, P = 27.5 bar
465.00	27.500	0.89749	1.1142	50.758	53.822	169.93	136.66	160.39	217.48	0.81334	12.535	0.041396	vapor	vapor, P = 27.5 bar
470.00	27.500	0.87728	1.1399	51.489	54.623	171.64	137.57	160.23	220.97	0.77580	12.633	0.042081	vapor	vapor, P = 27.5 bar
475.00	27.500	0.85841	1.1649	52.221	55.424	173.34	138.50	160.20	224.32	0.74129	12.732	0.042784	vapor	vapor, P = 27.5 bar
480.00	27.500	0.84074	1.1894	52.955	56.226	175.02	139.43	160.30	227.53	0.70944	12.833	0.043504	vapor	vapor, P = 27.5 bar
485.00	27.500	0.82411	1.2134	53.691	57.028	176.68	140.38	160.49	230.62	0.67993	12.935	0.044240	vapor	vapor, P = 27.5 bar
490.00	27.500	0.80843	1.2370	54.429	57.831	178.33	141.33	160.77	233.61	0.65251	13.038	0.044990	vapor	vapor, P = 27.5 bar
495.00	27.500	0.79359	1.2601	55.170	58.635	179.96	142.29	161.12	236.49	0.62696	13.142	0.045754	vapor	vapor, P = 27.5 bar
500.00	27.500	0.77952	1.2828	55.914	59.442	181.58	143.26	161.53	239.29	0.60307	13.246	0.046531	vapor	vapor, P = 27.5 bar
505.00	27.500	0.76614	1.3052	56.661	60.251	183.19	144.22	161.99	242.00	0.58070	13.351	0.047320	vapor	vapor, P = 27.5 bar
510.00	27.500	0.75340	1.3273	57.412	61.062	184.79	145.19	162.50	244.63	0.55969	13.457	0.048122	vapor	vapor, P = 27.5 bar
515.00	27.500	0.74123	1.3491	58.166	61.876	186.38	146.16	163.04	247.20	0.53992	13.562	0.048934	vapor	vapor, P = 27.5 bar
520.00	27.500	0.72960	1.3706	58.923	62.693	187.96	147.13	163.62	249.70	0.52129	13.668	0.049758	vapor	vapor, P = 27.5 bar
525.00	27.500	0.71845	1.3919	59.684	63.512	189.52	148.10	164.23	252.13	0.50370	13.774	0.050592	vapor	vapor, P = 27.5 bar
530.00	27.500	0.70777	1.4129	60.449	64.335	191.08	149.07	164.86	254.51	0.48706	13.881	0.051437	vapor	vapor, P = 27.5 bar
535.00	27.500	0.69750	1.4337	61.218	65.161	192.64	150.03	165.52	256.84	0.47130	13.987	0.052292	vapor	vapor, P = 27.5 bar
540.00	27.500	0.68763	1.4543	61.991	65.990	194.18	150.99	166.19	259.11	0.45634	14.094	0.053157	vapor	vapor, P = 27.5 bar
545.00	27.500	0.67812	1.4747	62.767	66.823	195.71	151.95	166.88	261.34	0.44214	14.201	0.054032	vapor	vapor, P = 27.5 bar
550.00	27.500	0.66895	1.4949	63.548	67.659	197.24	152.91	167.59	263.52	0.42863	14.308	0.054917	vapor	vapor, P = 27.5 bar
555.00	27.500	0.66010	1.5149	64.333	68.499	198.76	153.87	168.31	265.66	0.41577	14.415	0.055811	vapor	vapor, P = 27.5 bar
560.00	27.500	0.65156	1.5348	65.121	69.342	200.27	154.82	169.03	267.76	0.40350	14.522	0.056715	vapor	vapor, P = 27.5 bar
565.00	27.500	0.64329	1.5545	65.914	70.189	201.78	155.76	169.77	269.82	0.39180	14.629	0.057627	vapor	vapor, P = 27.5 bar
570.00	27.500	0.63529	1.5741	66.711	71.040	203.28	156.70	170.52	271.84	0.38062	14.736	0.058549	vapor	vapor, P = 27.5 bar
575.00	27.500	0.62755	1.5935	67.512	71.894	204.77	157.64	171.27	273.83	0.36992	14.843	0.059480	vapor	vapor, P = 27.5 bar
														
280.00	37.500	10.292	0.097159	12.363	12.727	60.831	96.746	135.13	1033.1	-0.036531	197.54	0.11480	liquid	liquid, P = 37.5 bar
285.00	37.500	10.201	0.098026	13.039	13.406	63.235	97.694	136.49	1007.3	-0.035065	188.47	0.11270	liquid	liquid, P = 37.5 bar
290.00	37.500	10.109	0.098920	13.721	14.092	65.621	98.664	137.89	981.58	-0.033515	179.94	0.11063	liquid	liquid, P = 37.5 bar
295.00	37.500	10.016	0.099844	14.411	14.785	67.990	99.656	139.34	955.90	-0.031873	171.90	0.10859	liquid	liquid, P = 37.5 bar
300.00	37.500	9.9206	0.10080	15.108	15.486	70.344	100.67	140.84	930.28	-0.030130	164.30	0.10659	liquid	liquid, P = 37.5 bar
305.00	37.500	9.8241	0.10179	15.812	16.194	72.685	101.70	142.40	904.69	-0.028276	157.09	0.10462	liquid	liquid, P = 37.5 bar
310.00	37.500	9.7259	0.10282	16.524	16.910	75.014	102.75	144.00	879.13	-0.026296	150.25	0.10268	liquid	liquid, P = 37.5 bar
315.00	37.500	9.6259	0.10389	17.244	17.634	77.331	103.81	145.67	853.58	-0.024177	143.74	0.10078	liquid	liquid, P = 37.5 bar
320.00	37.500	9.5238	0.10500	17.973	18.366	79.638	104.89	147.40	828.03	-0.021901	137.53	0.098907	liquid	liquid, P = 37.5 bar
325.00	37.500	9.4197	0.10616	18.710	19.108	81.937	105.99	149.19	802.45	-0.019446	131.60	0.097072	liquid	liquid, P = 37.5 bar
330.00	37.500	9.3131	0.10738	19.456	19.859	84.229	107.10	151.06	776.82	-0.016788	125.91	0.095272	liquid	liquid, P = 37.5 bar
335.00	37.500	9.2040	0.10865	20.211	20.619	86.516	108.22	153.01	751.12	-0.013896	120.46	0.093507	liquid	liquid, P = 37.5 bar
340.00	37.500	9.0921	0.10999	20.976	21.389	88.797	109.36	155.05	725.32	-0.010734	115.21	0.091776	liquid	liquid, P = 37.5 bar
345.00	37.500	8.9770	0.11140	21.752	22.169	91.076	110.52	157.19	699.37	-0.0072563	110.16	0.090078	liquid	liquid, P = 37.5 bar
350.00	37.500	8.8584	0.11289	22.538	22.961	93.354	111.69	159.46	673.25	-0.0034072	105.27	0.088414	liquid	liquid, P = 37.5 bar
355.00	37.500	8.7359	0.11447	23.335	23.764	95.633	112.87	161.85	646.89	0.00088372	100.54	0.086781	liquid	liquid, P = 37.5 bar
360.00	37.500	8.6091	0.11616	24.144	24.580	97.914	114.08	164.41	620.25	0.0057061	95.940	0.085178	liquid	liquid, P = 37.5 bar
365.00	37.500	8.4772	0.11796	24.966	25.409	100.20	115.30	167.17	593.25	0.011176	91.466	0.083604	liquid	liquid, P = 37.5 bar
370.00	37.500	8.3398	0.11991	25.802	26.252	102.50	116.55	170.16	565.81	0.017448	87.097	0.082056	liquid	liquid, P = 37.5 bar
375.00	37.500	8.1957	0.12202	26.653	27.111	104.80	117.83	173.46	537.83	0.024730	82.816	0.080530	liquid	liquid, P = 37.5 bar
380.00	37.500	8.0439	0.12432	27.521	27.987	107.12	119.14	177.14	509.18	0.033312	78.605	0.079023	liquid	liquid, P = 37.5 bar
385.00	37.500	7.8830	0.12686	28.407	28.883	109.46	120.49	181.32	479.68	0.043611	74.444	0.077530	liquid	liquid, P = 37.5 bar
390.00	37.500	7.7108	0.12969	29.315	29.801	111.83	121.90	186.22	449.14	0.056251	70.307	0.076042	liquid	liquid, P = 37.5 bar
395.00	37.500	7.5244	0.13290	30.248	30.747	114.24	123.39	192.12	417.24	0.072214	66.163	0.074552	liquid	liquid, P = 37.5 bar
400.00	37.500	7.3196	0.13662	31.213	31.725	116.70	124.98	199.59	383.57	0.093151	61.965	0.073044	liquid	liquid, P = 37.5 bar
405.00	37.500	7.0894	0.14105	32.218	32.747	119.24	126.72	209.68	347.48	0.12208	57.646	0.071502	liquid	liquid, P = 37.5 bar
410.00	37.500	6.8213	0.14660	33.280	33.830	121.90	128.68	224.78	307.92	0.16526	53.083	0.069898	liquid	liquid, P = 37.5 bar
415.00	37.500	6.4884	0.15412	34.436	35.014	124.77	131.05	251.74	262.88	0.23841	48.027	0.068206	liquid	liquid, P = 37.5 bar
420.00	37.500	6.0102	0.16639	35.790	36.414	128.12	134.36	323.49	207.39	0.39843	41.747	0.066550	liquid	liquid, P = 37.5 bar
424.39	37.500	4.7382	0.21105	38.112	38.904	134.01	143.84	3106.7	122.85	1.1886	29.559	0.085923	liquid	liquid, P = 37.5 bar
424.39	37.500	3.1167	0.32085	40.577	41.781	140.79	149.03	4045.4	114.67	1.9143	19.022	0.088469	vapor	vapor, P = 37.5 bar
425.00	37.500	2.7247	0.36702	41.402	42.778	143.14	144.94	951.68	120.91	1.9465	17.087	0.061752	vapor	vapor, P = 37.5 bar
430.00	37.500	2.1294	0.46962	43.305	45.066	148.50	138.31	310.42	141.33	1.6583	14.764	0.046969	vapor	vapor, P = 37.5 bar
435.00	37.500	1.9074	0.52428	44.457	46.423	151.64	136.92	244.60	153.63	1.4597	14.181	0.044516	vapor	vapor, P = 37.5 bar
440.00	37.500	1.7641	0.56687	45.445	47.571	154.26	136.59	217.42	163.26	1.3154	13.894	0.043599	vapor	vapor, P = 37.5 bar
445.00	37.500	1.6578	0.60323	46.355	48.617	156.62	136.71	202.40	171.37	1.2027	13.736	0.043275	vapor	vapor, P = 37.5 bar
450.00	37.500	1.5732	0.63563	47.220	49.604	158.83	137.06	192.90	178.46	1.1107	13.650	0.043261	vapor	vapor, P = 37.5 bar
455.00	37.500	1.5032	0.66525	48.056	50.551	160.92	137.56	186.42	184.81	1.0333	13.609	0.043437	vapor	vapor, P = 37.5 bar
460.00	37.500	1.4435	0.69277	48.873	51.471	162.93	138.16	181.79	190.58	0.96688	13.599	0.043741	vapor	vapor, P = 37.5 bar
465.00	37.500	1.3915	0.71864	49.676	52.371	164.88	138.82	178.40	195.90	0.90888	13.611	0.044138	vapor	vapor, P = 37.5 bar
470.00	37.500	1.3456	0.74318	50.470	53.256	166.77	139.54	175.87	200.85	0.85762	13.639	0.044605	vapor	vapor, P = 37.5 bar
475.00	37.500	1.3044	0.76661	51.256	54.131	168.62	140.30	173.96	205.47	0.81187	13.679	0.045127	vapor	vapor, P = 37.5 bar
480.00	37.500	1.2673	0.78910	52.038	54.997	170.44	141.10	172.53	209.83	0.77068	13.729	0.045694	vapor	vapor, P = 37.5 bar
485.00	37.500	1.2334	0.81079	52.816	55.857	172.22	141.92	171.46	213.95	0.73334	13.788	0.046300	vapor	vapor, P = 37.5 bar
490.00	37.500	1.2022	0.83178	53.593	56.712	173.97	142.76	170.68	217.87	0.69929	13.852	0.046937	vapor	vapor, P = 37.5 bar
495.00	37.500	1.1735	0.85215	54.368	57.564	175.70	143.62	170.13	221.60	0.66808	13.922	0.047603	vapor	vapor, P = 37.5 bar
500.00	37.500	1.1468	0.87198	55.144	58.414	177.41	144.50	169.78	225.18	0.63934	13.995	0.048293	vapor	vapor, P = 37.5 bar
505.00	37.500	1.1219	0.89132	55.919	59.262	179.10	145.38	169.57	228.61	0.61277	14.073	0.049006	vapor	vapor, P = 37.5 bar
510.00	37.500	1.0986	0.91022	56.696	60.110	180.77	146.28	169.50	231.91	0.58811	14.154	0.049739	vapor	vapor, P = 37.5 bar
515.00	37.500	1.0767	0.92872	57.474	60.957	182.42	147.18	169.54	235.09	0.56517	14.237	0.050491	vapor	vapor, P = 37.5 bar
520.00	37.500	1.0561	0.94687	58.254	61.805	184.06	148.09	169.67	238.16	0.54374	14.322	0.051260	vapor	vapor, P = 37.5 bar
525.00	37.500	1.0366	0.96468	59.036	62.654	185.69	149.01	169.87	241.14	0.52369	14.410	0.052046	vapor	vapor, P = 37.5 bar
530.00	37.500	1.0181	0.98219	59.821	63.504	187.30	149.93	170.15	244.02	0.50488	14.499	0.052846	vapor	vapor, P = 37.5 bar
535.00	37.500	1.0006	0.99943	60.608	64.355	188.90	150.85	170.48	246.82	0.48720	14.590	0.053661	vapor	vapor, P = 37.5 bar
540.00	37.500	0.98386	1.0164	61.397	65.209	190.49	151.77	170.87	249.54	0.47054	14.681	0.054489	vapor	vapor, P = 37.5 bar
545.00	37.500	0.96792	1.0331	62.190	66.064	192.06	152.69	171.29	252.18	0.45481	14.774	0.055331	vapor	vapor, P = 37.5 bar
550.00	37.500	0.95269	1.0497	62.986	66.922	193.63	153.61	171.76	254.76	0.43994	14.868	0.056185	vapor	vapor, P = 37.5 bar
555.00	37.500	0.93811	1.0660	63.784	67.782	195.19	154.53	172.26	257.28	0.42585	14.963	0.057051	vapor	vapor, P = 37.5 bar
560.00	37.500	0.92414	1.0821	64.587	68.644	196.73	155.45	172.78	259.73	0.41249	15.059	0.057928	vapor	vapor, P = 37.5 bar
565.00	37.500	0.91072	1.0980	65.392	69.510	198.27	156.37	173.34	262.13	0.39980	15.155	0.058817	vapor	vapor, P = 37.5 bar
570.00	37.500	0.89783	1.1138	66.201	70.378	199.80	157.29	173.91	264.48	0.38773	15.252	0.059717	vapor	vapor, P = 37.5 bar
575.00	37.500	0.88542	1.1294	67.014	71.249	201.32	158.20	174.51	266.78	0.37624	15.350	0.060628	vapor	vapor, P = 37.5 bar
