Temperature (K)	Pressure (bar)	Density (mol/l)	Volume (l/mol)	Internal Energy (kJ/mol)	Enthalpy (kJ/mol)	Entropy (J/mol*K)	Cv (J/mol*K)	Cp (J/mol*K)	Sound Spd. (m/s)	Joule-Thomson (K/bar)	Viscosity (uPa*s)	Therm. Cond. (W/m*K)	Phase	Curve
280.00	6.0000	10.219	0.097857	12.516	12.575	61.384	96.594	136.12	1002.9	-0.034760	190.46	0.11265	liquid	liquid, P = 6 bar
285.00	6.0000	10.124	0.098775	13.200	13.259	63.806	97.543	137.57	975.94	-0.033093	181.56	0.11049	liquid	liquid, P = 6 bar
290.00	6.0000	10.027	0.099726	13.891	13.951	66.211	98.516	139.08	948.96	-0.031314	173.16	0.10837	liquid	liquid, P = 6 bar
295.00	6.0000	9.9292	0.10071	14.589	14.650	68.602	99.511	140.65	921.96	-0.029410	165.22	0.10627	liquid	liquid, P = 6 bar
300.00	6.0000	9.8291	0.10174	15.296	15.357	70.980	100.53	142.29	894.91	-0.027365	157.70	0.10420	liquid	liquid, P = 6 bar
305.00	6.0000	9.7269	0.10281	16.011	16.073	73.346	101.56	144.00	867.79	-0.025161	150.56	0.10216	liquid	liquid, P = 6 bar
310.00	6.0000	9.6225	0.10392	16.735	16.797	75.702	102.62	145.79	840.57	-0.022776	143.76	0.10015	liquid	liquid, P = 6 bar
315.00	6.0000	9.5156	0.10509	17.468	17.531	78.049	103.69	147.67	813.21	-0.020181	137.27	0.098176	liquid	liquid, P = 6 bar
320.00	6.0000	9.4060	0.10632	18.210	18.274	80.390	104.78	149.64	785.68	-0.017343	131.06	0.096228	liquid	liquid, P = 6 bar
325.00	6.0000	9.2933	0.10760	18.963	19.028	82.726	105.89	151.72	757.92	-0.014221	125.10	0.094310	liquid	liquid, P = 6 bar
330.00	6.0000	9.1772	0.10897	19.726	19.792	85.059	107.02	153.93	729.88	-0.010760	119.37	0.092420	liquid	liquid, P = 6 bar
330.64	6.0000	9.1620	0.10915	19.825	19.891	85.360	107.16	154.22	726.24	-0.010286	118.64	0.092178	liquid	liquid, P = 6 bar
330.64	6.0000	0.25417	3.9344	36.391	38.752	142.40	102.69	119.25	198.70	2.1923	8.1622	0.020317	vapor	vapor, P = 6 bar
335.00	6.0000	0.24877	4.0198	36.860	39.272	143.97	103.53	119.46	201.36	2.0741	8.2800	0.020796	vapor	vapor, P = 6 bar
340.00	6.0000	0.24297	4.1157	37.401	39.870	145.74	104.53	119.83	204.29	1.9507	8.4140	0.021354	vapor	vapor, P = 6 bar
345.00	6.0000	0.23755	4.2096	37.945	40.470	147.49	105.55	120.31	207.10	1.8389	8.5469	0.021922	vapor	vapor, P = 6 bar
350.00	6.0000	0.23246	4.3019	38.492	41.073	149.23	106.61	120.88	209.80	1.7371	8.6786	0.022499	vapor	vapor, P = 6 bar
355.00	6.0000	0.22766	4.3926	39.044	41.679	150.94	107.68	121.54	212.41	1.6440	8.8093	0.023084	vapor	vapor, P = 6 bar
360.00	6.0000	0.22312	4.4820	39.600	42.289	152.65	108.78	122.26	214.93	1.5586	8.9391	0.023678	vapor	vapor, P = 6 bar
365.00	6.0000	0.21881	4.5701	40.160	42.902	154.34	109.90	123.05	217.38	1.4800	9.0680	0.024280	vapor	vapor, P = 6 bar
370.00	6.0000	0.21473	4.6571	40.725	43.519	156.02	111.04	123.88	219.76	1.4074	9.1961	0.024891	vapor	vapor, P = 6 bar
375.00	6.0000	0.21083	4.7431	41.295	44.141	157.69	112.18	124.76	222.07	1.3401	9.3234	0.025510	vapor	vapor, P = 6 bar
380.00	6.0000	0.20712	4.8282	41.870	44.767	159.35	113.34	125.67	224.32	1.2777	9.4499	0.026137	vapor	vapor, P = 6 bar
385.00	6.0000	0.20356	4.9124	42.450	45.398	161.00	114.51	126.61	226.52	1.2196	9.5759	0.026772	vapor	vapor, P = 6 bar
390.00	6.0000	0.20016	4.9959	43.036	46.033	162.64	115.68	127.57	228.67	1.1654	9.7011	0.027415	vapor	vapor, P = 6 bar
395.00	6.0000	0.19690	5.0787	43.626	46.673	164.27	116.85	128.56	230.77	1.1148	9.8258	0.028066	vapor	vapor, P = 6 bar
400.00	6.0000	0.19377	5.1608	44.222	47.319	165.89	118.02	129.56	232.83	1.0676	9.9499	0.028725	vapor	vapor, P = 6 bar
405.00	6.0000	0.19076	5.2423	44.824	47.969	167.51	119.19	130.57	234.85	1.0233	10.073	0.029392	vapor	vapor, P = 6 bar
410.00	6.0000	0.18786	5.3232	45.430	48.624	169.12	120.37	131.60	236.83	0.98179	10.196	0.030067	vapor	vapor, P = 6 bar
415.00	6.0000	0.18506	5.4037	46.043	49.285	170.72	121.54	132.64	238.78	0.94280	10.319	0.030750	vapor	vapor, P = 6 bar
420.00	6.0000	0.18236	5.4836	46.661	49.951	172.31	122.72	133.69	240.69	0.90612	10.441	0.031441	vapor	vapor, P = 6 bar
425.00	6.0000	0.17976	5.5631	47.284	50.622	173.90	123.89	134.74	242.57	0.87157	10.563	0.032140	vapor	vapor, P = 6 bar
430.00	6.0000	0.17724	5.6421	47.913	51.298	175.48	125.06	135.80	244.43	0.83898	10.684	0.032847	vapor	vapor, P = 6 bar
435.00	6.0000	0.17480	5.7208	48.547	51.980	177.06	126.22	136.87	246.25	0.80820	10.805	0.033562	vapor	vapor, P = 6 bar
440.00	6.0000	0.17244	5.7991	49.187	52.667	178.63	127.39	137.93	248.05	0.77910	10.925	0.034285	vapor	vapor, P = 6 bar
445.00	6.0000	0.17015	5.8770	49.833	53.359	180.19	128.54	139.00	249.83	0.75155	11.045	0.035015	vapor	vapor, P = 6 bar
450.00	6.0000	0.16794	5.9546	50.484	54.057	181.75	129.70	140.07	251.58	0.72545	11.165	0.035754	vapor	vapor, P = 6 bar
455.00	6.0000	0.16578	6.0319	51.141	54.760	183.31	130.85	141.14	253.30	0.70068	11.284	0.036500	vapor	vapor, P = 6 bar
460.00	6.0000	0.16369	6.1089	51.803	55.468	184.85	131.99	142.21	255.01	0.67716	11.403	0.037255	vapor	vapor, P = 6 bar
465.00	6.0000	0.16166	6.1857	52.471	56.182	186.40	133.13	143.28	256.69	0.65481	11.522	0.038017	vapor	vapor, P = 6 bar
470.00	6.0000	0.15969	6.2621	53.144	56.901	187.94	134.26	144.34	258.36	0.63355	11.641	0.038787	vapor	vapor, P = 6 bar
475.00	6.0000	0.15777	6.3384	53.822	57.625	189.47	135.38	145.41	260.01	0.61330	11.759	0.039565	vapor	vapor, P = 6 bar
480.00	6.0000	0.15590	6.4144	54.507	58.355	191.00	136.50	146.47	261.63	0.59400	11.876	0.040351	vapor	vapor, P = 6 bar
485.00	6.0000	0.15408	6.4901	55.196	59.090	192.52	137.62	147.52	263.25	0.57559	11.994	0.041145	vapor	vapor, P = 6 bar
490.00	6.0000	0.15231	6.5657	55.891	59.830	194.04	138.72	148.58	264.84	0.55802	12.111	0.041947	vapor	vapor, P = 6 bar
495.00	6.0000	0.15058	6.6410	56.591	60.576	195.55	139.82	149.63	266.42	0.54124	12.228	0.042757	vapor	vapor, P = 6 bar
500.00	6.0000	0.14889	6.7162	57.297	61.327	197.06	140.91	150.67	267.98	0.52519	12.345	0.043574	vapor	vapor, P = 6 bar
505.00	6.0000	0.14725	6.7912	58.008	62.083	198.57	142.00	151.71	269.53	0.50984	12.462	0.044400	vapor	vapor, P = 6 bar
510.00	6.0000	0.14564	6.8660	58.724	62.844	200.07	143.08	152.75	271.06	0.49514	12.578	0.045233	vapor	vapor, P = 6 bar
515.00	6.0000	0.14408	6.9407	59.446	63.610	201.56	144.15	153.78	272.58	0.48106	12.694	0.046075	vapor	vapor, P = 6 bar
520.00	6.0000	0.14255	7.0151	60.172	64.381	203.05	145.21	154.80	274.09	0.46756	12.810	0.046924	vapor	vapor, P = 6 bar
525.00	6.0000	0.14105	7.0895	60.904	65.158	204.54	146.27	155.82	275.58	0.45461	12.925	0.047781	vapor	vapor, P = 6 bar
530.00	6.0000	0.13959	7.1637	61.641	65.940	206.02	147.32	156.83	277.06	0.44217	13.041	0.048646	vapor	vapor, P = 6 bar
535.00	6.0000	0.13816	7.2377	62.384	66.726	207.50	148.36	157.84	278.53	0.43024	13.156	0.049519	vapor	vapor, P = 6 bar
540.00	6.0000	0.13677	7.3117	63.131	67.518	208.97	149.40	158.84	279.98	0.41876	13.271	0.050400	vapor	vapor, P = 6 bar
545.00	6.0000	0.13540	7.3855	63.883	68.315	210.44	150.43	159.84	281.43	0.40773	13.386	0.051289	vapor	vapor, P = 6 bar
550.00	6.0000	0.13406	7.4591	64.641	69.116	211.90	151.45	160.83	282.86	0.39711	13.500	0.052186	vapor	vapor, P = 6 bar
555.00	6.0000	0.13275	7.5327	65.403	69.923	213.36	152.46	161.81	284.29	0.38690	13.615	0.053091	vapor	vapor, P = 6 bar
560.00	6.0000	0.13147	7.6061	66.171	70.735	214.82	153.46	162.79	285.70	0.37705	13.729	0.054003	vapor	vapor, P = 6 bar
565.00	6.0000	0.13022	7.6795	66.943	71.551	216.27	154.46	163.76	287.10	0.36757	13.843	0.054924	vapor	vapor, P = 6 bar
570.00	6.0000	0.12899	7.7527	67.721	72.372	217.72	155.46	164.73	288.49	0.35843	13.957	0.055852	vapor	vapor, P = 6 bar
575.00	6.0000	0.12778	7.8258	68.503	73.198	219.16	156.44	165.69	289.87	0.34961	14.071	0.056789	vapor	vapor, P = 6 bar
														
280.00	12.500	10.235	0.097708	12.484	12.606	61.267	96.625	135.90	1009.3	-0.035150	191.93	0.11310	liquid	liquid, P = 12.5 bar
285.00	12.500	10.140	0.098615	13.165	13.289	63.685	97.574	137.33	982.60	-0.033529	182.99	0.11096	liquid	liquid, P = 12.5 bar
290.00	12.500	10.045	0.099553	13.855	13.979	66.086	98.546	138.82	955.89	-0.031802	174.57	0.10884	liquid	liquid, P = 12.5 bar
295.00	12.500	9.9476	0.10053	14.551	14.677	68.472	99.540	140.36	929.19	-0.029959	166.61	0.10676	liquid	liquid, P = 12.5 bar
300.00	12.500	9.8487	0.10154	15.256	15.383	70.845	100.55	141.97	902.46	-0.027984	159.08	0.10470	liquid	liquid, P = 12.5 bar
305.00	12.500	9.7477	0.10259	15.969	16.097	73.205	101.59	143.64	875.69	-0.025862	151.93	0.10268	liquid	liquid, P = 12.5 bar
310.00	12.500	9.6447	0.10368	16.690	16.819	75.555	102.64	145.39	848.84	-0.023573	145.12	0.10069	liquid	liquid, P = 12.5 bar
315.00	12.500	9.5394	0.10483	17.420	17.551	77.895	103.71	147.21	821.90	-0.021092	138.63	0.098727	liquid	liquid, P = 12.5 bar
320.00	12.500	9.4315	0.10603	18.159	18.292	80.229	104.80	149.12	794.83	-0.018390	132.42	0.096798	liquid	liquid, P = 12.5 bar
325.00	12.500	9.3208	0.10729	18.908	19.042	82.556	105.91	151.13	767.59	-0.015432	126.47	0.094899	liquid	liquid, P = 12.5 bar
330.00	12.500	9.2069	0.10861	19.667	19.803	84.879	107.03	153.25	740.12	-0.012172	120.75	0.093030	liquid	liquid, P = 12.5 bar
335.00	12.500	9.0896	0.11002	20.437	20.575	87.201	108.17	155.50	712.37	-0.0085531	115.24	0.091190	liquid	liquid, P = 12.5 bar
340.00	12.500	8.9682	0.11150	21.219	21.358	89.522	109.33	157.91	684.27	-0.0045043	109.92	0.089378	liquid	liquid, P = 12.5 bar
345.00	12.500	8.8424	0.11309	22.013	22.154	91.846	110.51	160.49	655.74	6.8905e-05	104.76	0.087592	liquid	liquid, P = 12.5 bar
350.00	12.500	8.7114	0.11479	22.820	22.964	94.175	111.72	163.30	626.65	0.0052917	99.735	0.085829	liquid	liquid, P = 12.5 bar
355.00	12.500	8.5745	0.11663	23.642	23.788	96.513	112.95	166.39	596.88	0.011335	94.834	0.084086	liquid	liquid, P = 12.5 bar
360.00	12.500	8.4304	0.11862	24.480	24.628	98.864	114.22	169.84	566.24	0.018439	90.028	0.082358	liquid	liquid, P = 12.5 bar
363.18	12.500	8.3346	0.11998	25.022	25.172	100.37	115.04	172.27	546.20	0.023660	87.010	0.081264	liquid	liquid, P = 12.5 bar
363.18	12.500	0.54220	1.8443	38.936	41.241	144.61	113.54	140.95	186.12	1.9333	9.2042	0.025296	vapor	vapor, P = 12.5 bar
365.00	12.500	0.53561	1.8670	39.164	41.498	145.32	113.80	140.34	187.82	1.8811	9.2510	0.025486	vapor	vapor, P = 12.5 bar
370.00	12.500	0.51885	1.9273	39.787	42.196	147.22	114.57	139.07	192.24	1.7508	9.3794	0.026026	vapor	vapor, P = 12.5 bar
375.00	12.500	0.50376	1.9851	40.408	42.889	149.08	115.41	138.25	196.35	1.6363	9.5074	0.026589	vapor	vapor, P = 12.5 bar
380.00	12.500	0.49002	2.0407	41.028	43.579	150.91	116.31	137.76	200.19	1.5346	9.6351	0.027170	vapor	vapor, P = 12.5 bar
385.00	12.500	0.47744	2.0945	41.649	44.267	152.71	117.24	137.53	203.80	1.4438	9.7622	0.027767	vapor	vapor, P = 12.5 bar
390.00	12.500	0.46582	2.1468	42.271	44.954	154.48	118.20	137.49	207.22	1.3620	9.8888	0.028378	vapor	vapor, P = 12.5 bar
395.00	12.500	0.45503	2.1976	42.895	45.642	156.23	119.18	137.61	210.48	1.2881	10.015	0.029003	vapor	vapor, P = 12.5 bar
400.00	12.500	0.44497	2.2473	43.522	46.331	157.96	120.18	137.86	213.60	1.2209	10.140	0.029640	vapor	vapor, P = 12.5 bar
405.00	12.500	0.43555	2.2959	44.151	47.021	159.68	121.20	138.22	216.58	1.1595	10.265	0.030288	vapor	vapor, P = 12.5 bar
410.00	12.500	0.42669	2.3436	44.784	47.713	161.38	122.23	138.67	219.45	1.1033	10.390	0.030948	vapor	vapor, P = 12.5 bar
415.00	12.500	0.41833	2.3905	45.420	48.408	163.06	123.27	139.20	222.22	1.0515	10.513	0.031617	vapor	vapor, P = 12.5 bar
420.00	12.500	0.41042	2.4365	46.060	49.105	164.73	124.33	139.79	224.90	1.0037	10.637	0.032297	vapor	vapor, P = 12.5 bar
425.00	12.500	0.40292	2.4819	46.703	49.806	166.39	125.40	140.44	227.49	0.95934	10.760	0.032986	vapor	vapor, P = 12.5 bar
430.00	12.500	0.39578	2.5266	47.351	50.510	168.04	126.47	141.14	230.01	0.91816	10.881	0.033685	vapor	vapor, P = 12.5 bar
435.00	12.500	0.38898	2.5708	48.004	51.217	169.67	127.55	141.87	232.45	0.87978	11.003	0.034393	vapor	vapor, P = 12.5 bar
440.00	12.500	0.38249	2.6144	48.660	51.928	171.30	128.63	142.64	234.83	0.84395	11.124	0.035110	vapor	vapor, P = 12.5 bar
445.00	12.500	0.37628	2.6576	49.322	52.644	172.91	129.72	143.44	237.15	0.81041	11.245	0.035836	vapor	vapor, P = 12.5 bar
450.00	12.500	0.37033	2.7003	49.988	53.363	174.52	130.80	144.27	239.42	0.77896	11.366	0.036571	vapor	vapor, P = 12.5 bar
455.00	12.500	0.36462	2.7426	50.658	54.086	176.12	131.89	145.11	241.63	0.74942	11.485	0.037314	vapor	vapor, P = 12.5 bar
460.00	12.500	0.35913	2.7845	51.333	54.814	177.71	132.98	145.98	243.80	0.72162	11.605	0.038067	vapor	vapor, P = 12.5 bar
465.00	12.500	0.35385	2.8260	52.014	55.546	179.29	134.06	146.85	245.92	0.69541	11.724	0.038827	vapor	vapor, P = 12.5 bar
470.00	12.500	0.34877	2.8672	52.699	56.283	180.87	135.15	147.74	248.00	0.67068	11.843	0.039596	vapor	vapor, P = 12.5 bar
475.00	12.500	0.34386	2.9081	53.388	57.024	182.44	136.23	148.65	250.04	0.64730	11.961	0.040374	vapor	vapor, P = 12.5 bar
480.00	12.500	0.33913	2.9487	54.083	57.769	184.00	137.31	149.56	252.04	0.62517	12.079	0.041160	vapor	vapor, P = 12.5 bar
485.00	12.500	0.33456	2.9890	54.783	58.519	185.55	138.38	150.47	254.01	0.60419	12.197	0.041954	vapor	vapor, P = 12.5 bar
490.00	12.500	0.33013	3.0291	55.487	59.274	187.10	139.45	151.40	255.94	0.58429	12.314	0.042756	vapor	vapor, P = 12.5 bar
495.00	12.500	0.32585	3.0689	56.197	60.033	188.64	140.52	152.33	257.84	0.56539	12.431	0.043567	vapor	vapor, P = 12.5 bar
500.00	12.500	0.32170	3.1085	56.911	60.797	190.18	141.58	153.26	259.71	0.54741	12.548	0.044386	vapor	vapor, P = 12.5 bar
505.00	12.500	0.31768	3.1479	57.631	61.566	191.71	142.63	154.19	261.55	0.53030	12.664	0.045213	vapor	vapor, P = 12.5 bar
510.00	12.500	0.31377	3.1870	58.355	62.339	193.23	143.68	155.13	263.37	0.51399	12.780	0.046048	vapor	vapor, P = 12.5 bar
515.00	12.500	0.30998	3.2260	59.085	63.117	194.75	144.73	156.06	265.16	0.49844	12.896	0.046892	vapor	vapor, P = 12.5 bar
520.00	12.500	0.30630	3.2648	59.819	63.900	196.26	145.77	157.00	266.93	0.48359	13.012	0.047743	vapor	vapor, P = 12.5 bar
525.00	12.500	0.30272	3.3034	60.558	64.687	197.77	146.80	157.94	268.67	0.46940	13.127	0.048603	vapor	vapor, P = 12.5 bar
530.00	12.500	0.29924	3.3418	61.302	65.479	199.27	147.83	158.87	270.39	0.45584	13.242	0.049470	vapor	vapor, P = 12.5 bar
535.00	12.500	0.29585	3.3801	62.051	66.276	200.77	148.85	159.81	272.09	0.44286	13.357	0.050346	vapor	vapor, P = 12.5 bar
540.00	12.500	0.29255	3.4182	62.804	67.077	202.26	149.87	160.74	273.77	0.43042	13.472	0.051230	vapor	vapor, P = 12.5 bar
545.00	12.500	0.28933	3.4562	63.563	67.883	203.74	150.88	161.67	275.42	0.41851	13.586	0.052122	vapor	vapor, P = 12.5 bar
550.00	12.500	0.28620	3.4941	64.326	68.694	205.22	151.88	162.60	277.06	0.40707	13.700	0.053021	vapor	vapor, P = 12.5 bar
555.00	12.500	0.28314	3.5318	65.094	69.509	206.70	152.88	163.52	278.68	0.39610	13.814	0.053929	vapor	vapor, P = 12.5 bar
560.00	12.500	0.28016	3.5694	65.867	70.329	208.17	153.87	164.45	280.29	0.38557	13.928	0.054845	vapor	vapor, P = 12.5 bar
565.00	12.500	0.27725	3.6068	66.645	71.154	209.64	154.85	165.37	281.87	0.37544	14.041	0.055769	vapor	vapor, P = 12.5 bar
570.00	12.500	0.27441	3.6442	67.427	71.983	211.10	155.83	166.28	283.44	0.36570	14.154	0.056701	vapor	vapor, P = 12.5 bar
575.00	12.500	0.27163	3.6815	68.215	72.816	212.55	156.80	167.19	285.00	0.35633	14.268	0.057641	vapor	vapor, P = 12.5 bar
														
280.00	25.000	10.264	0.097429	12.422	12.666	61.047	96.686	135.50	1021.4	-0.035863	194.74	0.11395	liquid	liquid, P = 25 bar
285.00	25.000	10.171	0.098315	13.101	13.347	63.457	97.634	136.89	995.13	-0.034323	185.74	0.11183	liquid	liquid, P = 25 bar
290.00	25.000	10.077	0.099231	13.787	14.035	65.850	98.605	138.34	968.92	-0.032689	177.26	0.10974	liquid	liquid, P = 25 bar
295.00	25.000	9.9822	0.10018	14.480	14.730	68.228	99.598	139.83	942.75	-0.030953	169.27	0.10769	liquid	liquid, P = 25 bar
300.00	25.000	9.8853	0.10116	15.180	15.433	70.591	100.61	141.38	916.60	-0.029101	161.70	0.10566	liquid	liquid, P = 25 bar
305.00	25.000	9.7866	0.10218	15.889	16.144	72.941	101.64	142.99	890.44	-0.027121	154.52	0.10366	liquid	liquid, P = 25 bar
310.00	25.000	9.6861	0.10324	16.605	16.863	75.280	102.69	144.66	864.28	-0.024998	147.70	0.10170	liquid	liquid, P = 25 bar
315.00	25.000	9.5836	0.10435	17.330	17.591	77.608	103.76	146.40	838.07	-0.022711	141.20	0.099766	liquid	liquid, P = 25 bar
320.00	25.000	9.4788	0.10550	18.064	18.328	79.928	104.84	148.21	811.80	-0.020239	135.00	0.097868	liquid	liquid, P = 25 bar
325.00	25.000	9.3715	0.10671	18.807	19.073	82.240	105.94	150.10	785.45	-0.017555	129.06	0.096003	liquid	liquid, P = 25 bar
330.00	25.000	9.2615	0.10797	19.559	19.829	84.547	107.06	152.09	758.96	-0.014624	123.37	0.094170	liquid	liquid, P = 25 bar
335.00	25.000	9.1486	0.10931	20.321	20.594	86.849	108.19	154.17	732.32	-0.011406	117.89	0.092370	liquid	liquid, P = 25 bar
340.00	25.000	9.0322	0.11071	21.094	21.371	89.150	109.34	156.37	705.47	-0.0078512	112.61	0.090602	liquid	liquid, P = 25 bar
345.00	25.000	8.9122	0.11221	21.878	22.158	91.449	110.51	158.70	678.35	-0.0038943	107.51	0.088864	liquid	liquid, P = 25 bar
350.00	25.000	8.7880	0.11379	22.673	22.958	93.751	111.69	161.20	650.90	0.00054630	102.57	0.087155	liquid	liquid, P = 25 bar
355.00	25.000	8.6590	0.11549	23.482	23.771	96.056	112.90	163.88	623.04	0.0055775	97.762	0.085472	liquid	liquid, P = 25 bar
360.00	25.000	8.5245	0.11731	24.304	24.597	98.368	114.13	166.80	594.67	0.011341	93.078	0.083815	liquid	liquid, P = 25 bar
365.00	25.000	8.3837	0.11928	25.141	25.439	100.69	115.38	170.02	565.65	0.018032	88.495	0.082178	liquid	liquid, P = 25 bar
370.00	25.000	8.2353	0.12143	25.994	26.298	103.03	116.68	173.62	535.84	0.025921	83.992	0.080557	liquid	liquid, P = 25 bar
375.00	25.000	8.0780	0.12379	26.867	27.176	105.38	118.01	177.73	505.02	0.035405	79.544	0.078947	liquid	liquid, P = 25 bar
380.00	25.000	7.9096	0.12643	27.760	28.076	107.77	119.41	182.55	472.89	0.047087	75.121	0.077339	liquid	liquid, P = 25 bar
385.00	25.000	7.7272	0.12941	28.680	29.003	110.19	120.88	188.41	439.05	0.061943	70.685	0.075722	liquid	liquid, P = 25 bar
390.00	25.000	7.5260	0.13287	29.631	29.963	112.67	122.47	195.93	402.88	0.081668	66.181	0.074079	liquid	liquid, P = 25 bar
395.00	25.000	7.2984	0.13702	30.625	30.967	115.23	124.23	206.37	363.37	0.10956	61.518	0.072385	liquid	liquid, P = 25 bar
400.00	25.000	7.0293	0.14226	31.681	32.037	117.92	126.28	222.90	318.65	0.15318	56.527	0.070601	liquid	liquid, P = 25 bar
400.11	25.000	7.0230	0.14239	31.704	32.060	117.98	126.33	223.37	317.62	0.15438	56.416	0.070562	liquid	liquid, P = 25 bar
400.11	25.000	1.2606	0.79327	41.333	43.317	146.11	128.48	211.03	154.64	1.9726	11.379	0.035184	vapor	vapor, P = 25 bar
405.00	25.000	1.1789	0.84822	42.174	44.294	148.54	128.13	190.75	164.07	1.7398	11.360	0.034854	vapor	vapor, P = 25 bar
410.00	25.000	1.1157	0.89632	42.976	45.217	150.80	128.15	179.41	171.96	1.5676	11.385	0.034904	vapor	vapor, P = 25 bar
415.00	25.000	1.0646	0.93935	43.747	46.095	152.93	128.43	172.36	178.76	1.4332	11.435	0.035151	vapor	vapor, P = 25 bar
420.00	25.000	1.0216	0.97885	44.497	46.945	154.97	128.88	167.65	184.79	1.3235	11.501	0.035517	vapor	vapor, P = 25 bar
425.00	25.000	0.98453	1.0157	45.235	47.774	156.93	129.47	164.37	190.24	1.2310	11.581	0.035961	vapor	vapor, P = 25 bar
430.00	25.000	0.95191	1.0505	45.964	48.590	158.84	130.15	162.04	195.23	1.1514	11.662	0.036464	vapor	vapor, P = 25 bar
435.00	25.000	0.92281	1.0836	46.687	49.396	160.70	130.90	160.37	199.86	1.0818	11.752	0.037011	vapor	vapor, P = 25 bar
440.00	25.000	0.89655	1.1154	47.406	50.194	162.53	131.70	159.18	204.19	1.0202	11.846	0.037593	vapor	vapor, P = 25 bar
445.00	25.000	0.87263	1.1460	48.123	50.988	164.32	132.54	158.36	208.26	0.96500	11.943	0.038204	vapor	vapor, P = 25 bar
450.00	25.000	0.85068	1.1755	48.840	51.778	166.09	133.42	157.82	212.10	0.91529	12.042	0.038841	vapor	vapor, P = 25 bar
455.00	25.000	0.83041	1.2042	49.556	52.567	167.83	134.32	157.50	215.76	0.87016	12.144	0.039499	vapor	vapor, P = 25 bar
460.00	25.000	0.81159	1.2322	50.273	53.354	169.55	135.24	157.36	219.24	0.82897	12.247	0.040177	vapor	vapor, P = 25 bar
465.00	25.000	0.79403	1.2594	50.992	54.141	171.25	136.18	157.37	222.58	0.79119	12.351	0.040873	vapor	vapor, P = 25 bar
470.00	25.000	0.77758	1.2860	51.713	54.928	172.94	137.12	157.49	225.78	0.75639	12.457	0.041585	vapor	vapor, P = 25 bar
475.00	25.000	0.76212	1.3121	52.435	55.716	174.60	138.08	157.71	228.86	0.72420	12.563	0.042311	vapor	vapor, P = 25 bar
480.00	25.000	0.74754	1.3377	53.161	56.505	176.26	139.05	158.02	231.83	0.69434	12.669	0.043052	vapor	vapor, P = 25 bar
485.00	25.000	0.73375	1.3629	53.889	57.296	177.90	140.02	158.40	234.70	0.66655	12.777	0.043805	vapor	vapor, P = 25 bar
490.00	25.000	0.72067	1.3876	54.620	58.089	179.52	141.00	158.84	237.48	0.64061	12.884	0.044571	vapor	vapor, P = 25 bar
495.00	25.000	0.70823	1.4120	55.355	58.884	181.14	141.98	159.33	240.17	0.61635	12.992	0.045350	vapor	vapor, P = 25 bar
500.00	25.000	0.69639	1.4360	56.092	59.682	182.74	142.96	159.86	242.79	0.59359	13.101	0.046139	vapor	vapor, P = 25 bar
505.00	25.000	0.68509	1.4597	56.834	60.483	184.33	143.95	160.44	245.34	0.57221	13.209	0.046940	vapor	vapor, P = 25 bar
510.00	25.000	0.67428	1.4831	57.579	61.287	185.92	144.93	161.04	247.82	0.55207	13.318	0.047751	vapor	vapor, P = 25 bar
515.00	25.000	0.66393	1.5062	58.328	62.094	187.49	145.91	161.68	250.24	0.53308	13.427	0.048573	vapor	vapor, P = 25 bar
520.00	25.000	0.65400	1.5291	59.081	62.904	189.06	146.90	162.34	252.61	0.51513	13.536	0.049406	vapor	vapor, P = 25 bar
525.00	25.000	0.64446	1.5517	59.838	63.717	190.61	147.88	163.02	254.92	0.49815	13.644	0.050248	vapor	vapor, P = 25 bar
530.00	25.000	0.63529	1.5741	60.599	64.534	192.16	148.85	163.72	257.17	0.48206	13.753	0.051100	vapor	vapor, P = 25 bar
535.00	25.000	0.62646	1.5963	61.364	65.354	193.70	149.83	164.43	259.39	0.46678	13.862	0.051961	vapor	vapor, P = 25 bar
540.00	25.000	0.61794	1.6183	62.133	66.178	195.24	150.80	165.16	261.55	0.45227	13.971	0.052832	vapor	vapor, P = 25 bar
545.00	25.000	0.60973	1.6401	62.906	67.006	196.76	151.77	165.91	263.68	0.43846	14.080	0.053713	vapor	vapor, P = 25 bar
550.00	25.000	0.60179	1.6617	63.683	67.837	198.28	152.74	166.66	265.76	0.42531	14.189	0.054602	vapor	vapor, P = 25 bar
555.00	25.000	0.59411	1.6832	64.465	68.673	199.79	153.70	167.42	267.81	0.41276	14.298	0.055501	vapor	vapor, P = 25 bar
560.00	25.000	0.58668	1.7045	65.250	69.512	201.30	154.66	168.19	269.82	0.40079	14.407	0.056408	vapor	vapor, P = 25 bar
565.00	25.000	0.57949	1.7257	66.040	70.354	202.80	155.61	168.96	271.80	0.38935	14.516	0.057325	vapor	vapor, P = 25 bar
570.00	25.000	0.57251	1.7467	66.834	71.201	204.29	156.56	169.74	273.75	0.37841	14.625	0.058250	vapor	vapor, P = 25 bar
575.00	25.000	0.56575	1.7676	67.633	72.052	205.77	157.50	170.53	275.66	0.36793	14.733	0.059185	vapor	vapor, P = 25 bar
														
280.00	37.500	10.292	0.097159	12.363	12.727	60.831	96.746	135.13	1033.1	-0.036531	197.54	0.11480	liquid	liquid, P = 37.5 bar
285.00	37.500	10.201	0.098026	13.039	13.406	63.235	97.694	136.49	1007.3	-0.035065	188.47	0.11270	liquid	liquid, P = 37.5 bar
290.00	37.500	10.109	0.098920	13.721	14.092	65.621	98.664	137.89	981.58	-0.033515	179.94	0.11063	liquid	liquid, P = 37.5 bar
295.00	37.500	10.016	0.099844	14.411	14.785	67.990	99.656	139.34	955.90	-0.031873	171.90	0.10859	liquid	liquid, P = 37.5 bar
300.00	37.500	9.9206	0.10080	15.108	15.486	70.344	100.67	140.84	930.28	-0.030130	164.30	0.10659	liquid	liquid, P = 37.5 bar
305.00	37.500	9.8241	0.10179	15.812	16.194	72.685	101.70	142.40	904.69	-0.028276	157.09	0.10462	liquid	liquid, P = 37.5 bar
310.00	37.500	9.7259	0.10282	16.524	16.910	75.014	102.75	144.00	879.13	-0.026296	150.25	0.10268	liquid	liquid, P = 37.5 bar
315.00	37.500	9.6259	0.10389	17.244	17.634	77.331	103.81	145.67	853.58	-0.024177	143.74	0.10078	liquid	liquid, P = 37.5 bar
320.00	37.500	9.5238	0.10500	17.973	18.366	79.638	104.89	147.40	828.03	-0.021901	137.53	0.098907	liquid	liquid, P = 37.5 bar
325.00	37.500	9.4197	0.10616	18.710	19.108	81.937	105.99	149.19	802.45	-0.019446	131.60	0.097072	liquid	liquid, P = 37.5 bar
330.00	37.500	9.3131	0.10738	19.456	19.859	84.229	107.10	151.06	776.82	-0.016788	125.91	0.095272	liquid	liquid, P = 37.5 bar
335.00	37.500	9.2040	0.10865	20.211	20.619	86.516	108.22	153.01	751.12	-0.013896	120.46	0.093507	liquid	liquid, P = 37.5 bar
340.00	37.500	9.0921	0.10999	20.976	21.389	88.797	109.36	155.05	725.32	-0.010734	115.21	0.091776	liquid	liquid, P = 37.5 bar
345.00	37.500	8.9770	0.11140	21.752	22.169	91.076	110.52	157.19	699.37	-0.0072563	110.16	0.090078	liquid	liquid, P = 37.5 bar
350.00	37.500	8.8584	0.11289	22.538	22.961	93.354	111.69	159.46	673.25	-0.0034072	105.27	0.088414	liquid	liquid, P = 37.5 bar
355.00	37.500	8.7359	0.11447	23.335	23.764	95.633	112.87	161.85	646.89	0.00088372	100.54	0.086781	liquid	liquid, P = 37.5 bar
360.00	37.500	8.6091	0.11616	24.144	24.580	97.914	114.08	164.41	620.25	0.0057061	95.940	0.085178	liquid	liquid, P = 37.5 bar
365.00	37.500	8.4772	0.11796	24.966	25.409	100.20	115.30	167.17	593.25	0.011176	91.466	0.083604	liquid	liquid, P = 37.5 bar
370.00	37.500	8.3398	0.11991	25.802	26.252	102.50	116.55	170.16	565.81	0.017448	87.097	0.082056	liquid	liquid, P = 37.5 bar
375.00	37.500	8.1957	0.12202	26.653	27.111	104.80	117.83	173.46	537.83	0.024730	82.816	0.080530	liquid	liquid, P = 37.5 bar
380.00	37.500	8.0439	0.12432	27.521	27.987	107.12	119.14	177.14	509.18	0.033312	78.605	0.079023	liquid	liquid, P = 37.5 bar
385.00	37.500	7.8830	0.12686	28.407	28.883	109.46	120.49	181.32	479.68	0.043611	74.444	0.077530	liquid	liquid, P = 37.5 bar
390.00	37.500	7.7108	0.12969	29.315	29.801	111.83	121.90	186.22	449.14	0.056251	70.307	0.076042	liquid	liquid, P = 37.5 bar
395.00	37.500	7.5244	0.13290	30.248	30.747	114.24	123.39	192.12	417.24	0.072214	66.163	0.074552	liquid	liquid, P = 37.5 bar
400.00	37.500	7.3196	0.13662	31.213	31.725	116.70	124.98	199.59	383.57	0.093151	61.965	0.073044	liquid	liquid, P = 37.5 bar
405.00	37.500	7.0894	0.14105	32.218	32.747	119.24	126.72	209.68	347.48	0.12208	57.646	0.071502	liquid	liquid, P = 37.5 bar
410.00	37.500	6.8213	0.14660	33.280	33.830	121.90	128.68	224.78	307.92	0.16526	53.083	0.069898	liquid	liquid, P = 37.5 bar
415.00	37.500	6.4884	0.15412	34.436	35.014	124.77	131.05	251.74	262.88	0.23841	48.027	0.068206	liquid	liquid, P = 37.5 bar
420.00	37.500	6.0102	0.16639	35.790	36.414	128.12	134.36	323.49	207.39	0.39843	41.747	0.066550	liquid	liquid, P = 37.5 bar
424.39	37.500	4.7382	0.21105	38.112	38.904	134.01	143.84	3106.7	122.85	1.1886	29.559	0.085923	liquid	liquid, P = 37.5 bar
424.39	37.500	3.1167	0.32085	40.577	41.781	140.79	149.03	4045.4	114.67	1.9143	19.022	0.088469	vapor	vapor, P = 37.5 bar
425.00	37.500	2.7247	0.36702	41.402	42.778	143.14	144.94	951.68	120.91	1.9465	17.087	0.061752	vapor	vapor, P = 37.5 bar
430.00	37.500	2.1294	0.46962	43.305	45.066	148.50	138.31	310.42	141.33	1.6583	14.764	0.046969	vapor	vapor, P = 37.5 bar
435.00	37.500	1.9074	0.52428	44.457	46.423	151.64	136.92	244.60	153.63	1.4597	14.181	0.044516	vapor	vapor, P = 37.5 bar
440.00	37.500	1.7641	0.56687	45.445	47.571	154.26	136.59	217.42	163.26	1.3154	13.894	0.043599	vapor	vapor, P = 37.5 bar
445.00	37.500	1.6578	0.60323	46.355	48.617	156.62	136.71	202.40	171.37	1.2027	13.736	0.043275	vapor	vapor, P = 37.5 bar
450.00	37.500	1.5732	0.63563	47.220	49.604	158.83	137.06	192.90	178.46	1.1107	13.650	0.043261	vapor	vapor, P = 37.5 bar
455.00	37.500	1.5032	0.66525	48.056	50.551	160.92	137.56	186.42	184.81	1.0333	13.609	0.043437	vapor	vapor, P = 37.5 bar
460.00	37.500	1.4435	0.69277	48.873	51.471	162.93	138.16	181.79	190.58	0.96688	13.599	0.043741	vapor	vapor, P = 37.5 bar
465.00	37.500	1.3915	0.71864	49.676	52.371	164.88	138.82	178.40	195.90	0.90888	13.611	0.044138	vapor	vapor, P = 37.5 bar
470.00	37.500	1.3456	0.74318	50.470	53.256	166.77	139.54	175.87	200.85	0.85762	13.639	0.044605	vapor	vapor, P = 37.5 bar
475.00	37.500	1.3044	0.76661	51.256	54.131	168.62	140.30	173.96	205.47	0.81187	13.679	0.045127	vapor	vapor, P = 37.5 bar
480.00	37.500	1.2673	0.78910	52.038	54.997	170.44	141.10	172.53	209.83	0.77068	13.729	0.045694	vapor	vapor, P = 37.5 bar
485.00	37.500	1.2334	0.81079	52.816	55.857	172.22	141.92	171.46	213.95	0.73334	13.788	0.046300	vapor	vapor, P = 37.5 bar
490.00	37.500	1.2022	0.83178	53.593	56.712	173.97	142.76	170.68	217.87	0.69929	13.852	0.046937	vapor	vapor, P = 37.5 bar
495.00	37.500	1.1735	0.85215	54.368	57.564	175.70	143.62	170.13	221.60	0.66808	13.922	0.047603	vapor	vapor, P = 37.5 bar
500.00	37.500	1.1468	0.87198	55.144	58.414	177.41	144.50	169.78	225.18	0.63934	13.995	0.048293	vapor	vapor, P = 37.5 bar
505.00	37.500	1.1219	0.89132	55.919	59.262	179.10	145.38	169.57	228.61	0.61277	14.073	0.049006	vapor	vapor, P = 37.5 bar
510.00	37.500	1.0986	0.91022	56.696	60.110	180.77	146.28	169.50	231.91	0.58811	14.154	0.049739	vapor	vapor, P = 37.5 bar
515.00	37.500	1.0767	0.92872	57.474	60.957	182.42	147.18	169.54	235.09	0.56517	14.237	0.050491	vapor	vapor, P = 37.5 bar
520.00	37.500	1.0561	0.94687	58.254	61.805	184.06	148.09	169.67	238.16	0.54374	14.322	0.051260	vapor	vapor, P = 37.5 bar
525.00	37.500	1.0366	0.96468	59.036	62.654	185.69	149.01	169.87	241.14	0.52369	14.410	0.052046	vapor	vapor, P = 37.5 bar
530.00	37.500	1.0181	0.98219	59.821	63.504	187.30	149.93	170.15	244.02	0.50488	14.499	0.052846	vapor	vapor, P = 37.5 bar
535.00	37.500	1.0006	0.99943	60.608	64.355	188.90	150.85	170.48	246.82	0.48720	14.590	0.053661	vapor	vapor, P = 37.5 bar
540.00	37.500	0.98386	1.0164	61.397	65.209	190.49	151.77	170.87	249.54	0.47054	14.681	0.054489	vapor	vapor, P = 37.5 bar
545.00	37.500	0.96792	1.0331	62.190	66.064	192.06	152.69	171.29	252.18	0.45481	14.774	0.055331	vapor	vapor, P = 37.5 bar
550.00	37.500	0.95269	1.0497	62.986	66.922	193.63	153.61	171.76	254.76	0.43994	14.868	0.056185	vapor	vapor, P = 37.5 bar
555.00	37.500	0.93811	1.0660	63.784	67.782	195.19	154.53	172.26	257.28	0.42585	14.963	0.057051	vapor	vapor, P = 37.5 bar
560.00	37.500	0.92414	1.0821	64.587	68.644	196.73	155.45	172.78	259.73	0.41249	15.059	0.057928	vapor	vapor, P = 37.5 bar
565.00	37.500	0.91072	1.0980	65.392	69.510	198.27	156.37	173.34	262.13	0.39980	15.155	0.058817	vapor	vapor, P = 37.5 bar
570.00	37.500	0.89783	1.1138	66.201	70.378	199.80	157.29	173.91	264.48	0.38773	15.252	0.059717	vapor	vapor, P = 37.5 bar
575.00	37.500	0.88542	1.1294	67.014	71.249	201.32	158.20	174.51	266.78	0.37624	15.350	0.060628	vapor	vapor, P = 37.5 bar
