Temperature (K)	Pressure (MPa)	Density (mol/l)	Volume (l/mol)	Internal Energy (kJ/mol)	Enthalpy (kJ/mol)	Entropy (J/mol*K)	Cv (J/mol*K)	Cp (J/mol*K)	Sound Spd. (m/s)	Joule-Thomson (K/MPa)	Viscosity (uPa*s)	Therm. Cond. (W/m*K)	Phase	Curve
280.00	10.000	10.425	0.095924	12.087	13.046	59.815	97.047	133.58	1088.1	-0.39329	211.43	0.11882	liquid	liquid, P = 10 MPa
290.00	10.000	10.255	0.097514	13.419	14.394	64.546	98.961	136.06	1040.2	-0.36911	193.16	0.11484	liquid	liquid, P = 10 MPa
300.00	10.000	10.082	0.099189	14.776	15.768	69.202	100.96	138.68	993.02	-0.34276	177.01	0.11099	liquid	liquid, P = 10 MPa
310.00	10.000	9.9048	0.10096	16.159	17.168	73.794	103.02	141.43	946.46	-0.31394	162.60	0.10729	liquid	liquid, P = 10 MPa
320.00	10.000	9.7235	0.10284	17.568	18.597	78.329	105.15	144.30	900.52	-0.28226	149.66	0.10373	liquid	liquid, P = 10 MPa
330.00	10.000	9.5375	0.10485	19.006	20.055	82.815	107.33	147.31	855.19	-0.24722	137.96	0.10033	liquid	liquid, P = 10 MPa
340.00	10.000	9.3461	0.10700	20.473	21.543	87.259	109.56	150.46	810.46	-0.20818	127.30	0.097094	liquid	liquid, P = 10 MPa
350.00	10.000	9.1484	0.10931	21.971	23.064	91.668	111.82	153.74	766.31	-0.16435	117.53	0.094016	liquid	liquid, P = 10 MPa
360.00	10.000	8.9439	0.11181	23.501	24.619	96.047	114.11	157.19	722.73	-0.11469	108.53	0.091102	liquid	liquid, P = 10 MPa
370.00	10.000	8.7313	0.11453	25.063	26.209	100.40	116.44	160.80	679.71	-0.057865	100.20	0.088353	liquid	liquid, P = 10 MPa
380.00	10.000	8.5098	0.11751	26.660	27.836	104.74	118.79	164.61	637.27	0.0078339	92.439	0.085767	liquid	liquid, P = 10 MPa
390.00	10.000	8.2781	0.12080	28.293	29.502	109.07	121.17	168.63	595.40	0.084672	85.189	0.083343	liquid	liquid, P = 10 MPa
400.00	10.000	8.0346	0.12446	29.964	31.209	113.39	123.57	172.93	554.16	0.17566	78.391	0.081078	liquid	liquid, P = 10 MPa
410.00	10.000	7.7777	0.12857	31.675	32.961	117.72	126.01	177.54	513.58	0.28489	71.997	0.078965	liquid	liquid, P = 10 MPa
420.00	10.000	7.5052	0.13324	33.429	34.761	122.05	128.48	182.54	473.76	0.41796	65.971	0.076997	liquid	liquid, P = 10 MPa
430.00	10.000	7.2148	0.13860	35.227	36.614	126.41	130.98	188.04	434.83	0.58258	60.280	0.075167	supercritical	liquid, P = 10 MPa
440.00	10.000	6.9034	0.14486	37.075	38.524	130.80	133.51	194.14	397.04	0.78922	54.900	0.073462	supercritical	liquid, P = 10 MPa
450.00	10.000	6.5680	0.15225	38.976	40.499	135.24	136.06	200.93	360.83	1.0509	49.818	0.071871	supercritical	liquid, P = 10 MPa
460.00	10.000	6.2060	0.16113	40.933	42.544	139.74	138.61	208.29	326.99	1.3802	45.037	0.070386	supercritical	liquid, P = 10 MPa
470.00	10.000	5.8177	0.17189	42.945	44.664	144.30	141.11	215.59	296.89	1.7787	40.593	0.069001	supercritical	liquid, P = 10 MPa
480.00	10.000	5.4101	0.18484	45.003	46.851	148.90	143.52	221.40	272.29	2.2195	36.571	0.067727	supercritical	liquid, P = 10 MPa
490.00	10.000	5.0000	0.20000	47.082	49.082	153.50	145.76	224.14	254.52	2.6414	33.085	0.066596	supercritical	liquid, P = 10 MPa
500.00	10.000	4.6089	0.21697	49.153	51.322	158.03	147.84	223.43	243.50	2.9827	30.213	0.065668	supercritical	liquid, P = 10 MPa
510.00	10.000	4.2533	0.23511	51.192	53.543	162.42	149.75	220.36	237.86	3.2160	27.942	0.065010	supercritical	liquid, P = 10 MPa
520.00	10.000	3.9401	0.25380	53.188	55.726	166.66	151.55	216.25	236.05	3.3451	26.190	0.064658	supercritical	liquid, P = 10 MPa
530.00	10.000	3.6688	0.27257	55.142	57.867	170.74	153.28	212.01	236.83	3.3868	24.852	0.064615	supercritical	liquid, P = 10 MPa
540.00	10.000	3.4352	0.29110	57.057	59.968	174.67	154.96	208.15	239.33	3.3622	23.834	0.064862	supercritical	liquid, P = 10 MPa
550.00	10.000	3.2339	0.30923	58.940	62.032	178.46	156.62	204.86	242.94	3.2916	23.060	0.065370	supercritical	liquid, P = 10 MPa
560.00	10.000	3.0595	0.32685	60.799	64.067	182.12	158.28	202.21	247.22	3.1918	22.471	0.066105	supercritical	liquid, P = 10 MPa
570.00	10.000	2.9074	0.34395	62.639	66.079	185.68	159.93	200.16	251.90	3.0754	22.022	0.067035	supercritical	liquid, P = 10 MPa
														
280.00	20.000	10.610	0.094254	11.705	13.590	58.364	97.516	131.82	1165.5	-0.42507	233.53	0.12472	liquid	liquid, P = 20 MPa
290.00	20.000	10.455	0.095646	13.007	14.919	63.028	99.429	134.05	1121.8	-0.40657	213.98	0.12097	liquid	liquid, P = 20 MPa
300.00	20.000	10.299	0.097093	14.330	16.272	67.611	101.42	136.38	1079.1	-0.38700	196.78	0.11735	liquid	liquid, P = 20 MPa
310.00	20.000	10.142	0.098602	15.675	17.647	72.122	103.48	138.79	1037.3	-0.36629	181.55	0.11387	liquid	liquid, P = 20 MPa
320.00	20.000	9.9823	0.10018	17.044	19.048	76.568	105.60	141.27	996.50	-0.34438	167.97	0.11055	liquid	liquid, P = 20 MPa
330.00	20.000	9.8208	0.10182	18.436	20.473	80.954	107.77	143.83	956.64	-0.32117	155.79	0.10738	liquid	liquid, P = 20 MPa
340.00	20.000	9.6571	0.10355	19.853	21.924	85.286	109.98	146.44	917.76	-0.29656	144.79	0.10438	liquid	liquid, P = 20 MPa
350.00	20.000	9.4909	0.10536	21.295	23.402	89.569	112.22	149.10	879.90	-0.27041	134.81	0.10154	liquid	liquid, P = 20 MPa
360.00	20.000	9.3222	0.10727	22.761	24.906	93.807	114.48	151.80	843.08	-0.24259	125.72	0.098875	liquid	liquid, P = 20 MPa
370.00	20.000	9.1508	0.10928	24.252	26.438	98.003	116.75	154.53	807.33	-0.21293	117.39	0.096378	liquid	liquid, P = 20 MPa
380.00	20.000	8.9765	0.11140	25.769	27.997	102.16	119.04	157.30	772.69	-0.18126	109.74	0.094052	liquid	liquid, P = 20 MPa
390.00	20.000	8.7992	0.11365	27.311	29.584	106.28	121.33	160.08	739.20	-0.14741	102.69	0.091898	liquid	liquid, P = 20 MPa
400.00	20.000	8.6189	0.11602	28.878	31.199	110.37	123.62	162.88	706.89	-0.11118	96.170	0.089915	liquid	liquid, P = 20 MPa
410.00	20.000	8.4355	0.11855	30.471	32.841	114.43	125.92	165.67	675.82	-0.072387	90.138	0.088100	liquid	liquid, P = 20 MPa
420.00	20.000	8.2491	0.12123	32.088	34.512	118.45	128.20	168.46	646.04	-0.030858	84.547	0.086451	liquid	liquid, P = 20 MPa
430.00	20.000	8.0596	0.12408	33.729	36.211	122.45	130.47	171.24	617.58	0.013579	79.364	0.084964	supercritical	liquid, P = 20 MPa
440.00	20.000	7.8672	0.12711	35.395	37.937	126.42	132.73	173.99	590.48	0.061077	74.557	0.083634	supercritical	liquid, P = 20 MPa
450.00	20.000	7.6722	0.13034	37.084	39.690	130.36	134.98	176.71	564.80	0.11175	70.103	0.082456	supercritical	liquid, P = 20 MPa
460.00	20.000	7.4747	0.13379	38.795	41.471	134.27	137.20	179.38	540.54	0.16568	65.979	0.081424	supercritical	liquid, P = 20 MPa
470.00	20.000	7.2751	0.13745	40.529	43.278	138.16	139.40	181.99	517.75	0.22283	62.168	0.080531	supercritical	liquid, P = 20 MPa
480.00	20.000	7.0739	0.14136	42.283	45.110	142.02	141.58	184.53	496.45	0.28304	58.652	0.079771	supercritical	liquid, P = 20 MPa
490.00	20.000	6.8717	0.14552	44.057	46.968	145.85	143.73	186.96	476.68	0.34597	55.416	0.079139	supercritical	liquid, P = 20 MPa
500.00	20.000	6.6690	0.14995	45.850	48.849	149.65	145.85	189.28	458.47	0.41096	52.447	0.078628	supercritical	liquid, P = 20 MPa
510.00	20.000	6.4668	0.15464	47.660	50.753	153.42	147.94	191.45	441.88	0.47709	49.731	0.078234	supercritical	liquid, P = 20 MPa
520.00	20.000	6.2660	0.15959	49.486	52.678	157.15	149.99	193.44	426.95	0.54311	47.257	0.077953	supercritical	liquid, P = 20 MPa
530.00	20.000	6.0675	0.16481	51.325	54.621	160.86	152.02	195.23	413.70	0.60751	45.012	0.077784	supercritical	liquid, P = 20 MPa
540.00	20.000	5.8726	0.17028	53.176	56.582	164.52	154.00	196.81	402.13	0.66872	42.984	0.077724	supercritical	liquid, P = 20 MPa
550.00	20.000	5.6823	0.17599	55.037	58.557	168.14	155.96	198.18	392.21	0.72526	41.160	0.077774	supercritical	liquid, P = 20 MPa
560.00	20.000	5.4975	0.18190	56.906	60.544	171.73	157.88	199.34	383.87	0.77593	39.527	0.077935	supercritical	liquid, P = 20 MPa
570.00	20.000	5.3192	0.18800	58.783	62.543	175.26	159.76	200.34	376.99	0.81991	38.070	0.078206	supercritical	liquid, P = 20 MPa
														
280.00	30.000	10.770	0.092850	11.378	14.163	57.069	97.963	130.60	1233.6	-0.44710	255.70	0.13012	liquid	liquid, P = 30 MPa
290.00	30.000	10.627	0.094100	12.656	15.479	61.688	99.878	132.69	1193.0	-0.43192	234.68	0.12655	liquid	liquid, P = 30 MPa
300.00	30.000	10.483	0.095388	13.955	16.817	66.223	101.87	134.86	1153.4	-0.41613	216.26	0.12311	liquid	liquid, P = 30 MPa
310.00	30.000	10.339	0.096718	15.275	18.177	70.681	103.93	137.10	1114.8	-0.39975	200.02	0.11981	liquid	liquid, P = 30 MPa
320.00	30.000	10.194	0.098093	16.617	19.559	75.070	106.05	139.40	1077.2	-0.38279	185.60	0.11664	liquid	liquid, P = 30 MPa
330.00	30.000	10.049	0.099515	17.980	20.965	79.395	108.22	141.74	1040.8	-0.36525	172.73	0.11363	liquid	liquid, P = 30 MPa
340.00	30.000	9.9022	0.10099	19.365	22.394	83.662	110.42	144.12	1005.4	-0.34712	161.17	0.11077	liquid	liquid, P = 30 MPa
350.00	30.000	9.7548	0.10251	20.772	23.848	87.875	112.65	146.53	971.05	-0.32841	150.73	0.10807	liquid	liquid, P = 30 MPa
360.00	30.000	9.6064	0.10410	22.202	25.325	92.037	114.90	148.97	937.85	-0.30908	141.27	0.10554	liquid	liquid, P = 30 MPa
370.00	30.000	9.4571	0.10574	23.655	26.827	96.152	117.17	151.41	905.78	-0.28915	132.64	0.10317	liquid	liquid, P = 30 MPa
380.00	30.000	9.3069	0.10745	25.130	28.353	100.22	119.44	153.86	874.84	-0.26858	124.76	0.10097	liquid	liquid, P = 30 MPa
390.00	30.000	9.1557	0.10922	26.627	29.904	104.25	121.71	156.30	845.05	-0.24737	117.53	0.098927	liquid	liquid, P = 30 MPa
400.00	30.000	9.0036	0.11107	28.147	31.479	108.24	123.99	158.73	816.42	-0.22551	110.88	0.097051	liquid	liquid, P = 30 MPa
410.00	30.000	8.8506	0.11299	29.689	33.079	112.19	126.26	161.15	788.97	-0.20301	104.75	0.095337	liquid	liquid, P = 30 MPa
420.00	30.000	8.6969	0.11498	31.253	34.702	116.10	128.51	163.54	762.71	-0.17987	99.080	0.093781	liquid	liquid, P = 30 MPa
430.00	30.000	8.5425	0.11706	32.838	36.349	119.98	130.76	165.91	737.65	-0.15612	93.836	0.092380	supercritical	liquid, P = 30 MPa
440.00	30.000	8.3875	0.11922	34.444	38.020	123.82	132.98	168.24	713.78	-0.13177	88.978	0.091131	supercritical	liquid, P = 30 MPa
450.00	30.000	8.2322	0.12147	36.070	39.714	127.62	135.19	170.53	691.11	-0.10687	84.475	0.090028	supercritical	liquid, P = 30 MPa
460.00	30.000	8.0766	0.12381	37.716	41.431	131.40	137.38	172.77	669.64	-0.081469	80.300	0.089067	supercritical	liquid, P = 30 MPa
470.00	30.000	7.9210	0.12625	39.382	43.169	135.13	139.55	174.97	649.36	-0.055626	76.428	0.088242	supercritical	liquid, P = 30 MPa
480.00	30.000	7.7656	0.12877	41.067	44.930	138.84	141.69	177.12	630.24	-0.029416	72.837	0.087548	supercritical	liquid, P = 30 MPa
490.00	30.000	7.6106	0.13140	42.770	46.712	142.51	143.81	179.21	612.27	-0.0029278	69.510	0.086977	supercritical	liquid, P = 30 MPa
500.00	30.000	7.4563	0.13411	44.490	48.514	146.16	145.90	181.24	595.43	0.023731	66.428	0.086526	supercritical	liquid, P = 30 MPa
510.00	30.000	7.3029	0.13693	46.228	50.336	149.76	147.96	183.21	579.69	0.050435	63.576	0.086187	supercritical	liquid, P = 30 MPa
520.00	30.000	7.1507	0.13985	47.982	52.178	153.34	150.00	185.11	565.03	0.077036	60.938	0.085955	supercritical	liquid, P = 30 MPa
530.00	30.000	6.9999	0.14286	49.752	54.038	156.88	152.01	186.95	551.43	0.10337	58.501	0.085826	supercritical	liquid, P = 30 MPa
540.00	30.000	6.8509	0.14597	51.538	55.917	160.39	153.99	188.72	538.85	0.12924	56.251	0.085794	supercritical	liquid, P = 30 MPa
550.00	30.000	6.7039	0.14917	53.337	57.812	163.87	155.94	190.43	527.27	0.15444	54.177	0.085855	supercritical	liquid, P = 30 MPa
560.00	30.000	6.5591	0.15246	55.151	59.725	167.32	157.87	192.06	516.67	0.17877	52.267	0.086005	supercritical	liquid, P = 30 MPa
570.00	30.000	6.4169	0.15584	56.978	61.653	170.73	159.77	193.62	507.00	0.20202	50.510	0.086240	supercritical	liquid, P = 30 MPa
														
280.00	40.000	10.913	0.091636	11.090	14.756	55.892	98.390	129.72	1295.0	-0.46311	278.11	0.13515	liquid	liquid, P = 40 MPa
290.00	40.000	10.778	0.092777	12.352	16.063	60.479	100.31	131.72	1256.7	-0.45005	255.48	0.13173	liquid	liquid, P = 40 MPa
300.00	40.000	10.644	0.093947	13.633	17.390	64.979	102.30	133.80	1219.3	-0.43660	235.72	0.12843	liquid	liquid, P = 40 MPa
310.00	40.000	10.510	0.095147	14.933	18.739	69.401	104.36	135.94	1183.1	-0.42283	218.33	0.12526	liquid	liquid, P = 40 MPa
320.00	40.000	10.376	0.096378	16.254	20.109	73.751	106.48	138.13	1147.9	-0.40875	202.95	0.12222	liquid	liquid, P = 40 MPa
330.00	40.000	10.241	0.097642	17.596	21.502	78.036	108.64	140.36	1113.8	-0.39440	189.25	0.11933	liquid	liquid, P = 40 MPa
340.00	40.000	10.107	0.098941	18.959	22.917	82.260	110.84	142.62	1080.8	-0.37981	177.00	0.11658	liquid	liquid, P = 40 MPa
350.00	40.000	9.9725	0.10028	20.343	24.354	86.427	113.07	144.91	1048.9	-0.36499	165.97	0.11398	liquid	liquid, P = 40 MPa
360.00	40.000	9.8378	0.10165	21.749	25.815	90.541	115.32	147.21	1018.1	-0.34996	156.01	0.11154	liquid	liquid, P = 40 MPa
370.00	40.000	9.7029	0.10306	23.176	27.299	94.606	117.58	149.52	988.35	-0.33473	146.96	0.10925	liquid	liquid, P = 40 MPa
380.00	40.000	9.5680	0.10452	24.625	28.805	98.624	119.85	151.82	959.72	-0.31932	138.71	0.10711	liquid	liquid, P = 40 MPa
390.00	40.000	9.4329	0.10601	26.095	30.335	102.60	122.12	154.12	932.18	-0.30374	131.17	0.10514	liquid	liquid, P = 40 MPa
400.00	40.000	9.2979	0.10755	27.586	31.888	106.53	124.39	156.41	905.74	-0.28801	124.25	0.10332	liquid	liquid, P = 40 MPa
410.00	40.000	9.1628	0.10914	29.098	33.463	110.42	126.65	158.68	880.39	-0.27213	117.88	0.10166	liquid	liquid, P = 40 MPa
420.00	40.000	9.0278	0.11077	30.630	35.061	114.27	128.90	160.93	856.11	-0.25614	112.00	0.10014	liquid	liquid, P = 40 MPa
430.00	40.000	8.8929	0.11245	32.184	36.682	118.08	131.13	163.15	832.92	-0.24005	106.57	0.098775	supercritical	liquid, P = 40 MPa
440.00	40.000	8.7582	0.11418	33.757	38.324	121.86	133.35	165.34	810.79	-0.22389	101.54	0.097553	supercritical	liquid, P = 40 MPa
450.00	40.000	8.6239	0.11596	35.350	39.988	125.60	135.55	167.50	789.71	-0.20768	96.869	0.096471	supercritical	liquid, P = 40 MPa
460.00	40.000	8.4900	0.11779	36.962	41.674	129.30	137.73	169.62	769.68	-0.19145	92.535	0.095525	supercritical	liquid, P = 40 MPa
470.00	40.000	8.3566	0.11967	38.594	43.380	132.97	139.89	171.70	750.66	-0.17525	88.508	0.094710	supercritical	liquid, P = 40 MPa
480.00	40.000	8.2238	0.12160	40.244	45.108	136.61	142.02	173.74	732.65	-0.15909	84.763	0.094022	supercritical	liquid, P = 40 MPa
490.00	40.000	8.0918	0.12358	41.912	46.855	140.21	144.13	175.74	715.61	-0.14302	81.278	0.093455	supercritical	liquid, P = 40 MPa
500.00	40.000	7.9608	0.12562	43.598	48.622	143.78	146.21	177.70	699.52	-0.12708	78.034	0.093004	supercritical	liquid, P = 40 MPa
510.00	40.000	7.8307	0.12770	45.301	50.409	147.32	148.26	179.61	684.36	-0.11132	75.015	0.092664	supercritical	liquid, P = 40 MPa
520.00	40.000	7.7018	0.12984	47.021	52.214	150.83	150.29	181.48	670.10	-0.095762	72.205	0.092430	supercritical	liquid, P = 40 MPa
530.00	40.000	7.5742	0.13203	48.757	54.038	154.30	152.30	183.30	656.70	-0.080469	69.589	0.092297	supercritical	liquid, P = 40 MPa
540.00	40.000	7.4479	0.13427	50.510	55.880	157.74	154.27	185.08	644.14	-0.065481	67.154	0.092260	supercritical	liquid, P = 40 MPa
550.00	40.000	7.3233	0.13655	52.278	57.740	161.15	156.22	186.82	632.38	-0.050849	64.889	0.092315	supercritical	liquid, P = 40 MPa
560.00	40.000	7.2002	0.13888	54.061	59.616	164.54	158.14	188.51	621.40	-0.036622	62.781	0.092456	supercritical	liquid, P = 40 MPa
570.00	40.000	7.0789	0.14126	55.859	61.510	167.89	160.04	190.15	611.16	-0.022849	60.820	0.092681	supercritical	liquid, P = 40 MPa
