Temperature (K)	Pressure (bar)	Density (mol/l)	Volume (l/mol)	Internal Energy (kJ/mol)	Enthalpy (kJ/mol)	Entropy (J/mol*K)	Cv (J/mol*K)	Cp (J/mol*K)	Sound Spd. (m/s)	Joule-Thomson (K/bar)	Viscosity (uPa*s)	Therm. Cond. (W/m*K)	Phase	Curve
280.00	6.0000	11.775	0.084927	9.5319	9.5828	46.819	70.393	112.29	840.57	-0.017019	117.31	0.10251	liquid	liquid, P = 6 bar
281.07	6.0000	11.740	0.085181	9.6525	9.7037	47.249	70.568	112.69	833.19	-0.016178	115.99	0.10196	liquid	liquid, P = 6 bar
281.07	6.0000	0.29492	3.3908	23.694	25.728	104.26	64.911	79.990	220.17	2.3872	7.6421	0.016675	vapor	vapor, P = 6 bar
285.00	6.0000	0.28867	3.4641	23.964	26.042	105.37	65.454	80.032	222.80	2.2657	7.7549	0.017097	vapor	vapor, P = 6 bar
290.00	6.0000	0.28123	3.5558	24.310	26.443	106.76	66.177	80.202	226.03	2.1246	7.8978	0.017643	vapor	vapor, P = 6 bar
295.00	6.0000	0.27430	3.6456	24.657	26.845	108.14	66.933	80.481	229.12	1.9966	8.0399	0.018196	vapor	vapor, P = 6 bar
300.00	6.0000	0.26782	3.7339	25.008	27.248	109.49	67.718	80.850	232.10	1.8802	8.1811	0.018757	vapor	vapor, P = 6 bar
305.00	6.0000	0.26173	3.8208	25.361	27.653	110.83	68.527	81.294	234.98	1.7738	8.3217	0.019326	vapor	vapor, P = 6 bar
310.00	6.0000	0.25599	3.9065	25.717	28.061	112.16	69.358	81.803	237.77	1.6763	8.4615	0.019902	vapor	vapor, P = 6 bar
315.00	6.0000	0.25056	3.9911	26.077	28.471	113.47	70.207	82.367	240.48	1.5867	8.6006	0.020486	vapor	vapor, P = 6 bar
320.00	6.0000	0.24542	4.0747	26.440	28.885	114.77	71.073	82.977	243.11	1.5041	8.7391	0.021076	vapor	vapor, P = 6 bar
325.00	6.0000	0.24053	4.1574	26.807	29.301	116.07	71.952	83.626	245.68	1.4277	8.8769	0.021674	vapor	vapor, P = 6 bar
330.00	6.0000	0.23588	4.2394	27.177	29.721	117.35	72.844	84.311	248.19	1.3569	9.0141	0.022279	vapor	vapor, P = 6 bar
335.00	6.0000	0.23145	4.3206	27.552	30.144	118.62	73.745	85.025	250.64	1.2912	9.1507	0.022891	vapor	vapor, P = 6 bar
340.00	6.0000	0.22721	4.4011	27.931	30.571	119.89	74.656	85.765	253.03	1.2302	9.2868	0.023510	vapor	vapor, P = 6 bar
345.00	6.0000	0.22316	4.4811	28.313	31.002	121.14	75.574	86.528	255.38	1.1733	9.4222	0.024136	vapor	vapor, P = 6 bar
350.00	6.0000	0.21928	4.5605	28.700	31.437	122.39	76.499	87.310	257.68	1.1202	9.5571	0.024769	vapor	vapor, P = 6 bar
355.00	6.0000	0.21555	4.6393	29.092	31.875	123.64	77.429	88.109	259.95	1.0707	9.6914	0.025409	vapor	vapor, P = 6 bar
360.00	6.0000	0.21197	4.7177	29.487	32.318	124.88	78.363	88.923	262.17	1.0243	9.8252	0.026056	vapor	vapor, P = 6 bar
365.00	6.0000	0.20852	4.7957	29.887	32.764	126.11	79.301	89.751	264.35	0.98084	9.9584	0.026710	vapor	vapor, P = 6 bar
370.00	6.0000	0.20520	4.8733	30.291	33.215	127.34	80.241	90.589	266.51	0.94010	10.091	0.027371	vapor	vapor, P = 6 bar
375.00	6.0000	0.20200	4.9504	30.700	33.670	128.56	81.184	91.437	268.63	0.90184	10.223	0.028039	vapor	vapor, P = 6 bar
380.00	6.0000	0.19892	5.0273	31.113	34.130	129.77	82.128	92.293	270.71	0.86588	10.355	0.028714	vapor	vapor, P = 6 bar
385.00	6.0000	0.19593	5.1038	31.531	34.593	130.99	83.072	93.156	272.78	0.83203	10.486	0.029396	vapor	vapor, P = 6 bar
390.00	6.0000	0.19305	5.1800	31.953	35.061	132.19	84.017	94.024	274.81	0.80014	10.617	0.030085	vapor	vapor, P = 6 bar
395.00	6.0000	0.19026	5.2559	32.380	35.534	133.40	84.961	94.898	276.82	0.77006	10.747	0.030782	vapor	vapor, P = 6 bar
400.00	6.0000	0.18756	5.3315	32.811	36.010	134.60	85.905	95.775	278.80	0.74167	10.877	0.031485	vapor	vapor, P = 6 bar
405.00	6.0000	0.18495	5.4069	33.247	36.491	135.79	86.847	96.655	280.76	0.71483	11.006	0.032195	vapor	vapor, P = 6 bar
410.00	6.0000	0.18241	5.4821	33.688	36.977	136.98	87.787	97.537	282.69	0.68945	11.135	0.032912	vapor	vapor, P = 6 bar
415.00	6.0000	0.17995	5.5571	34.132	37.467	138.17	88.725	98.420	284.61	0.66541	11.263	0.033636	vapor	vapor, P = 6 bar
420.00	6.0000	0.17756	5.6318	34.582	37.961	139.35	89.660	99.304	286.50	0.64262	11.390	0.034368	vapor	vapor, P = 6 bar
425.00	6.0000	0.17524	5.7063	35.036	38.460	140.53	90.593	100.19	288.38	0.62100	11.518	0.035106	vapor	vapor, P = 6 bar
430.00	6.0000	0.17299	5.7807	35.494	38.963	141.71	91.522	101.07	290.24	0.60047	11.644	0.035852	vapor	vapor, P = 6 bar
435.00	6.0000	0.17080	5.8549	35.958	39.470	142.89	92.447	101.96	292.07	0.58096	11.771	0.036604	vapor	vapor, P = 6 bar
440.00	6.0000	0.16866	5.9289	36.425	39.982	144.06	93.369	102.84	293.89	0.56239	11.896	0.037364	vapor	vapor, P = 6 bar
445.00	6.0000	0.16659	6.0028	36.897	40.499	145.22	94.287	103.72	295.70	0.54472	12.022	0.038130	vapor	vapor, P = 6 bar
450.00	6.0000	0.16457	6.0765	37.374	41.020	146.39	95.200	104.59	297.49	0.52788	12.147	0.038904	vapor	vapor, P = 6 bar
455.00	6.0000	0.16260	6.1501	37.855	41.545	147.55	96.109	105.47	299.26	0.51181	12.271	0.039685	vapor	vapor, P = 6 bar
														
280.00	10.000	11.795	0.084781	9.5058	9.5906	46.725	70.396	111.97	846.70	-0.017766	118.08	0.10290	liquid	liquid, P = 10 bar
285.00	10.000	11.631	0.085976	10.069	10.155	48.724	71.214	113.88	812.56	-0.013801	112.05	0.10035	liquid	liquid, P = 10 bar
290.00	10.000	11.461	0.087250	10.642	10.730	50.722	72.062	115.96	777.96	-0.0093240	106.26	0.097823	liquid	liquid, P = 10 bar
295.00	10.000	11.285	0.088617	11.226	11.315	52.723	72.939	118.25	742.77	-0.0042155	100.68	0.095330	liquid	liquid, P = 10 bar
300.00	10.000	11.100	0.090091	11.823	11.913	54.732	73.850	120.80	706.85	0.0016878	95.279	0.092861	liquid	liquid, P = 10 bar
300.09	10.000	11.096	0.090120	11.834	11.924	54.769	73.867	120.85	706.18	0.0018057	95.181	0.092815	liquid	liquid, P = 10 bar
300.09	10.000	0.49168	2.0338	24.542	26.576	103.59	70.043	90.047	214.79	2.1407	8.2483	0.019253	vapor	vapor, P = 10 bar
305.00	10.000	0.47679	2.0974	24.919	27.016	105.05	70.586	89.295	218.83	1.9939	8.3874	0.019786	vapor	vapor, P = 10 bar
310.00	10.000	0.46299	2.1599	25.301	27.461	106.50	71.201	88.836	222.71	1.8623	8.5286	0.020343	vapor	vapor, P = 10 bar
315.00	10.000	0.45034	2.2205	25.684	27.905	107.92	71.869	88.614	226.37	1.7453	8.6691	0.020912	vapor	vapor, P = 10 bar
320.00	10.000	0.43868	2.2796	26.068	28.348	109.31	72.578	88.574	229.86	1.6405	8.8090	0.021492	vapor	vapor, P = 10 bar
325.00	10.000	0.42786	2.3372	26.453	28.791	110.69	73.324	88.679	233.19	1.5459	8.9482	0.022083	vapor	vapor, P = 10 bar
330.00	10.000	0.41776	2.3937	26.841	29.235	112.04	74.098	88.899	236.39	1.4599	9.0868	0.022683	vapor	vapor, P = 10 bar
335.00	10.000	0.40831	2.4491	27.231	29.680	113.38	74.896	89.215	239.46	1.3815	9.2248	0.023292	vapor	vapor, P = 10 bar
340.00	10.000	0.39942	2.5036	27.623	30.127	114.70	75.716	89.610	242.44	1.3096	9.3621	0.023909	vapor	vapor, P = 10 bar
345.00	10.000	0.39103	2.5573	28.019	30.576	116.02	76.553	90.070	245.31	1.2434	9.4988	0.024535	vapor	vapor, P = 10 bar
350.00	10.000	0.38310	2.6103	28.417	31.028	117.32	77.404	90.585	248.10	1.1824	9.6349	0.025168	vapor	vapor, P = 10 bar
355.00	10.000	0.37558	2.6625	28.819	31.482	118.60	78.268	91.147	250.82	1.1259	9.7704	0.025810	vapor	vapor, P = 10 bar
360.00	10.000	0.36843	2.7142	29.225	31.939	119.88	79.142	91.749	253.46	1.0735	9.9053	0.026458	vapor	vapor, P = 10 bar
365.00	10.000	0.36162	2.7653	29.634	32.399	121.15	80.024	92.386	256.03	1.0248	10.040	0.027115	vapor	vapor, P = 10 bar
370.00	10.000	0.35513	2.8159	30.047	32.863	122.41	80.914	93.052	258.55	0.97946	10.173	0.027779	vapor	vapor, P = 10 bar
375.00	10.000	0.34891	2.8661	30.464	33.330	123.67	81.811	93.745	261.01	0.93713	10.306	0.028450	vapor	vapor, P = 10 bar
380.00	10.000	0.34296	2.9158	30.885	33.801	124.91	82.712	94.459	263.42	0.89756	10.439	0.029129	vapor	vapor, P = 10 bar
385.00	10.000	0.33726	2.9651	31.310	34.275	126.15	83.617	95.193	265.78	0.86052	10.571	0.029815	vapor	vapor, P = 10 bar
390.00	10.000	0.33178	3.0141	31.738	34.753	127.39	84.526	95.944	268.10	0.82578	10.703	0.030508	vapor	vapor, P = 10 bar
395.00	10.000	0.32651	3.0627	32.171	35.234	128.61	85.436	96.710	270.38	0.79317	10.833	0.031208	vapor	vapor, P = 10 bar
400.00	10.000	0.32144	3.1110	32.609	35.720	129.84	86.349	97.488	272.61	0.76251	10.964	0.031915	vapor	vapor, P = 10 bar
405.00	10.000	0.31655	3.1591	33.050	36.209	131.05	87.262	98.276	274.81	0.73364	11.094	0.032630	vapor	vapor, P = 10 bar
410.00	10.000	0.31183	3.2069	33.496	36.702	132.26	88.176	99.074	276.98	0.70643	11.223	0.033352	vapor	vapor, P = 10 bar
415.00	10.000	0.30728	3.2544	33.945	37.200	133.47	89.090	99.880	279.11	0.68075	11.352	0.034080	vapor	vapor, P = 10 bar
420.00	10.000	0.30288	3.3017	34.400	37.701	134.67	90.002	100.69	281.21	0.65649	11.480	0.034816	vapor	vapor, P = 10 bar
425.00	10.000	0.29862	3.3487	34.858	38.207	135.87	90.914	101.51	283.28	0.63354	11.608	0.035559	vapor	vapor, P = 10 bar
430.00	10.000	0.29450	3.3956	35.321	38.716	137.06	91.824	102.33	285.32	0.61180	11.735	0.036310	vapor	vapor, P = 10 bar
435.00	10.000	0.29051	3.4423	35.788	39.230	138.25	92.731	103.16	287.34	0.59120	11.862	0.037067	vapor	vapor, P = 10 bar
440.00	10.000	0.28664	3.4887	36.259	39.748	139.43	93.636	103.98	289.33	0.57166	11.988	0.037831	vapor	vapor, P = 10 bar
445.00	10.000	0.28288	3.5351	36.735	40.270	140.61	94.539	104.81	291.30	0.55309	12.114	0.038603	vapor	vapor, P = 10 bar
450.00	10.000	0.27923	3.5812	37.215	40.796	141.78	95.438	105.64	293.25	0.53544	12.239	0.039381	vapor	vapor, P = 10 bar
455.00	10.000	0.27569	3.6272	37.699	41.326	142.96	96.333	106.48	295.17	0.51864	12.364	0.040167	vapor	vapor, P = 10 bar
														
280.00	25.000	11.868	0.084258	9.4119	9.6225	46.386	70.410	110.89	868.78	-0.020335	120.92	0.10431	liquid	liquid, P = 25 bar
285.00	25.000	11.711	0.085392	9.9678	10.181	48.364	71.216	112.63	836.10	-0.016823	114.92	0.10181	liquid	liquid, P = 25 bar
290.00	25.000	11.548	0.086593	10.533	10.749	50.339	72.047	114.49	803.13	-0.012912	109.18	0.099353	liquid	liquid, P = 25 bar
295.00	25.000	11.380	0.087871	11.107	11.326	52.313	72.903	116.51	769.82	-0.0085218	103.66	0.096929	liquid	liquid, P = 25 bar
300.00	25.000	11.206	0.089239	11.691	11.914	54.290	73.785	118.72	736.08	-0.0035466	98.351	0.094537	liquid	liquid, P = 25 bar
305.00	25.000	11.024	0.090711	12.287	12.514	56.272	74.697	121.16	701.80	0.0021536	93.216	0.092176	liquid	liquid, P = 25 bar
310.00	25.000	10.834	0.092306	12.896	13.126	58.263	75.639	123.88	666.84	0.0087698	88.233	0.089840	liquid	liquid, P = 25 bar
315.00	25.000	10.633	0.094049	13.518	13.753	60.270	76.616	126.98	631.04	0.016570	83.375	0.087523	liquid	liquid, P = 25 bar
320.00	25.000	10.420	0.095973	14.157	14.397	62.297	77.636	130.58	594.14	0.025945	78.611	0.085215	liquid	liquid, P = 25 bar
325.00	25.000	10.191	0.098125	14.815	15.060	64.354	78.709	134.88	555.83	0.037488	73.908	0.082905	liquid	liquid, P = 25 bar
330.00	25.000	9.9427	0.10058	15.496	15.748	66.452	79.853	140.20	515.60	0.052160	69.219	0.080573	liquid	liquid, P = 25 bar
335.00	25.000	9.6679	0.10344	16.207	16.465	68.610	81.099	147.19	472.71	0.071641	64.480	0.078194	liquid	liquid, P = 25 bar
340.00	25.000	9.3548	0.10690	16.957	17.224	70.859	82.505	157.15	425.81	0.099241	59.587	0.075727	liquid	liquid, P = 25 bar
341.41	25.000	9.2567	0.10803	17.179	17.449	71.519	82.947	160.88	411.51	0.10938	58.153	0.075005	liquid	liquid, P = 25 bar
341.41	25.000	1.3851	0.72199	25.980	27.785	101.79	84.301	145.14	185.95	1.9118	10.373	0.028782	vapor	vapor, P = 25 bar
345.00	25.000	1.3220	0.75640	26.393	28.284	103.25	83.684	133.89	192.38	1.7632	10.399	0.028628	vapor	vapor, P = 25 bar
350.00	25.000	1.2520	0.79872	26.931	28.928	105.10	83.330	124.52	200.02	1.6000	10.463	0.028715	vapor	vapor, P = 25 bar
355.00	25.000	1.1951	0.83674	27.443	29.535	106.82	83.321	118.77	206.65	1.4699	10.544	0.028991	vapor	vapor, P = 25 bar
360.00	25.000	1.1471	0.87179	27.939	30.119	108.45	83.537	114.98	212.58	1.3619	10.636	0.029376	vapor	vapor, P = 25 bar
365.00	25.000	1.1054	0.90465	28.425	30.687	110.02	83.908	112.38	217.98	1.2696	10.736	0.029834	vapor	vapor, P = 25 bar
370.00	25.000	1.0686	0.93579	28.904	31.244	111.54	84.389	110.55	222.96	1.1894	10.842	0.030343	vapor	vapor, P = 25 bar
375.00	25.000	1.0357	0.96557	29.379	31.793	113.01	84.946	109.26	227.60	1.1185	10.951	0.030891	vapor	vapor, P = 25 bar
380.00	25.000	1.0058	0.99420	29.851	32.337	114.45	85.560	108.35	231.95	1.0553	11.063	0.031470	vapor	vapor, P = 25 bar
385.00	25.000	0.97860	1.0219	30.322	32.877	115.87	86.218	107.74	236.07	0.99835	11.177	0.032073	vapor	vapor, P = 25 bar
390.00	25.000	0.95354	1.0487	30.793	33.415	117.25	86.909	107.35	239.98	0.94675	11.293	0.032698	vapor	vapor, P = 25 bar
395.00	25.000	0.93036	1.0749	31.264	33.951	118.62	87.628	107.14	243.71	0.89970	11.411	0.033342	vapor	vapor, P = 25 bar
400.00	25.000	0.90879	1.1004	31.735	34.486	119.97	88.369	107.07	247.29	0.85660	11.529	0.034002	vapor	vapor, P = 25 bar
405.00	25.000	0.88864	1.1253	32.208	35.022	121.30	89.129	107.12	250.72	0.81695	11.648	0.034677	vapor	vapor, P = 25 bar
410.00	25.000	0.86974	1.1498	32.683	35.558	122.61	89.904	107.27	254.03	0.78034	11.767	0.035365	vapor	vapor, P = 25 bar
415.00	25.000	0.85194	1.1738	33.160	36.095	123.91	90.692	107.50	257.22	0.74643	11.887	0.036065	vapor	vapor, P = 25 bar
420.00	25.000	0.83514	1.1974	33.639	36.633	125.20	91.491	107.80	260.31	0.71494	12.008	0.036777	vapor	vapor, P = 25 bar
425.00	25.000	0.81923	1.2207	34.121	37.173	126.48	92.299	108.16	263.31	0.68560	12.128	0.037501	vapor	vapor, P = 25 bar
430.00	25.000	0.80413	1.2436	34.605	37.714	127.75	93.114	108.57	266.22	0.65822	12.248	0.038234	vapor	vapor, P = 25 bar
435.00	25.000	0.78976	1.2662	35.093	38.258	129.01	93.935	109.02	269.05	0.63260	12.369	0.038978	vapor	vapor, P = 25 bar
440.00	25.000	0.77606	1.2886	35.583	38.805	130.25	94.760	109.51	271.81	0.60858	12.489	0.039731	vapor	vapor, P = 25 bar
445.00	25.000	0.76298	1.3106	36.077	39.354	131.49	95.590	110.03	274.51	0.58603	12.609	0.040493	vapor	vapor, P = 25 bar
450.00	25.000	0.75047	1.3325	36.574	39.905	132.73	96.422	110.58	277.14	0.56481	12.729	0.041265	vapor	vapor, P = 25 bar
455.00	25.000	0.73847	1.3541	37.074	40.459	133.95	97.257	111.15	279.71	0.54482	12.849	0.042045	vapor	vapor, P = 25 bar
														
280.00	37.500	11.926	0.083850	9.3375	9.6519	46.116	70.429	110.10	886.22	-0.022234	123.22	0.10545	liquid	liquid, P = 37.5 bar
285.00	37.500	11.773	0.084939	9.8879	10.206	48.079	71.225	111.71	854.58	-0.019032	117.24	0.10299	liquid	liquid, P = 37.5 bar
290.00	37.500	11.616	0.086087	10.446	10.769	50.037	72.045	113.44	822.77	-0.015500	111.53	0.10058	liquid	liquid, P = 37.5 bar
295.00	37.500	11.454	0.087304	11.014	11.341	51.992	72.888	115.29	790.75	-0.011579	106.05	0.098200	liquid	liquid, P = 37.5 bar
300.00	37.500	11.287	0.088597	11.590	11.922	53.946	73.754	117.28	758.48	-0.0071923	100.79	0.095862	liquid	liquid, P = 37.5 bar
305.00	37.500	11.114	0.089980	12.177	12.514	55.902	74.644	119.45	725.87	-0.0022435	95.724	0.093562	liquid	liquid, P = 37.5 bar
310.00	37.500	10.933	0.091465	12.774	13.117	57.863	75.559	121.83	692.86	0.0033951	90.825	0.091296	liquid	liquid, P = 37.5 bar
315.00	37.500	10.745	0.093070	13.384	13.733	59.833	76.501	124.46	659.33	0.0098942	86.073	0.089059	liquid	liquid, P = 37.5 bar
320.00	37.500	10.546	0.094819	14.007	14.362	61.816	77.474	127.42	625.16	0.017488	81.446	0.086847	liquid	liquid, P = 37.5 bar
325.00	37.500	10.337	0.096741	14.645	15.008	63.817	78.482	130.80	590.17	0.026506	76.918	0.084653	liquid	liquid, P = 37.5 bar
330.00	37.500	10.113	0.098879	15.301	15.671	65.843	79.535	134.76	554.15	0.037433	72.462	0.082466	liquid	liquid, P = 37.5 bar
335.00	37.500	9.8727	0.10129	15.977	16.357	67.905	80.642	139.54	516.78	0.051009	68.043	0.080275	liquid	liquid, P = 37.5 bar
340.00	37.500	9.6096	0.10406	16.679	17.069	70.014	81.825	145.54	477.61	0.068442	63.616	0.078060	liquid	liquid, P = 37.5 bar
345.00	37.500	9.3162	0.10734	17.413	17.815	72.194	83.116	153.51	435.94	0.091850	59.117	0.075795	liquid	liquid, P = 37.5 bar
350.00	37.500	8.9788	0.11137	18.192	18.610	74.480	84.588	165.07	390.56	0.12541	54.438	0.073440	liquid	liquid, P = 37.5 bar
355.00	37.500	8.5695	0.11669	19.041	19.479	76.945	86.412	184.53	339.08	0.17898	49.369	0.070938	liquid	liquid, P = 37.5 bar
360.00	37.500	8.0121	0.12481	20.027	20.495	79.786	89.196	230.17	275.05	0.28553	43.350	0.068276	liquid	liquid, P = 37.5 bar
362.94	37.500	7.4852	0.13360	20.780	21.281	81.962	92.708	329.36	220.57	0.44319	38.424	0.067237	liquid	liquid, P = 37.5 bar
362.94	37.500	2.6754	0.37378	25.803	27.205	98.283	99.416	424.48	155.92	1.8208	13.635	0.046692	vapor	vapor, P = 37.5 bar
365.00	37.500	2.4455	0.40892	26.348	27.881	100.14	94.885	270.59	164.87	1.7156	13.146	0.041324	vapor	vapor, P = 37.5 bar
370.00	37.500	2.1607	0.46282	27.235	28.970	103.11	91.215	185.58	179.02	1.5187	12.679	0.037602	vapor	vapor, P = 37.5 bar
375.00	37.500	1.9909	0.50229	27.937	29.820	105.39	90.029	158.04	189.35	1.3734	12.491	0.036438	vapor	vapor, P = 37.5 bar
380.00	37.500	1.8679	0.53536	28.565	30.572	107.38	89.639	144.03	197.84	1.2587	12.412	0.036040	vapor	vapor, P = 37.5 bar
385.00	37.500	1.7711	0.56463	29.152	31.269	109.20	89.631	135.56	205.20	1.1642	12.389	0.036001	vapor	vapor, P = 37.5 bar
390.00	37.500	1.6912	0.59131	29.715	31.932	110.91	89.844	129.95	211.76	1.0841	12.400	0.036169	vapor	vapor, P = 37.5 bar
395.00	37.500	1.6232	0.61609	30.261	32.572	112.54	90.198	126.03	217.71	1.0149	12.435	0.036470	vapor	vapor, P = 37.5 bar
400.00	37.500	1.5640	0.63940	30.797	33.194	114.11	90.650	123.20	223.19	0.95407	12.485	0.036864	vapor	vapor, P = 37.5 bar
405.00	37.500	1.5116	0.66154	31.324	33.805	115.63	91.173	121.12	228.28	0.90007	12.548	0.037326	vapor	vapor, P = 37.5 bar
410.00	37.500	1.4648	0.68271	31.846	34.407	117.10	91.750	119.57	233.04	0.85165	12.620	0.037840	vapor	vapor, P = 37.5 bar
415.00	37.500	1.4223	0.70307	32.365	35.001	118.55	92.368	118.43	237.54	0.80789	12.699	0.038397	vapor	vapor, P = 37.5 bar
420.00	37.500	1.3836	0.72274	32.881	35.591	119.96	93.019	117.60	241.80	0.76810	12.783	0.038989	vapor	vapor, P = 37.5 bar
425.00	37.500	1.3480	0.74181	33.396	36.178	121.35	93.698	117.00	245.85	0.73172	12.872	0.039610	vapor	vapor, P = 37.5 bar
430.00	37.500	1.3152	0.76036	33.910	36.762	122.71	94.399	116.60	249.73	0.69832	12.964	0.040256	vapor	vapor, P = 37.5 bar
435.00	37.500	1.2846	0.77845	34.425	37.344	124.06	95.118	116.36	253.44	0.66752	13.060	0.040923	vapor	vapor, P = 37.5 bar
440.00	37.500	1.2561	0.79613	34.940	37.926	125.39	95.853	116.25	257.02	0.63902	13.158	0.041611	vapor	vapor, P = 37.5 bar
445.00	37.500	1.2293	0.81344	35.456	38.507	126.70	96.601	116.25	260.46	0.61256	13.258	0.042316	vapor	vapor, P = 37.5 bar
450.00	37.500	1.2042	0.83042	35.974	39.088	128.00	97.359	116.34	263.78	0.58794	13.360	0.043037	vapor	vapor, P = 37.5 bar
455.00	37.500	1.1805	0.84710	36.494	39.670	129.29	98.127	116.50	267.00	0.56496	13.463	0.043773	vapor	vapor, P = 37.5 bar
