Temperature (K)	Pressure (bar)	Density (mol/l)	Volume (l/mol)	Internal Energy (kJ/mol)	Enthalpy (kJ/mol)	Entropy (J/mol*K)	Cv (J/mol*K)	Cp (J/mol*K)	Sound Spd. (m/s)	Joule-Thomson (K/bar)	Viscosity (uPa*s)	Therm. Cond. (W/m*K)	Phase	Curve
280.00	10.000	11.795	0.084781	9.5058	9.5906	46.725	70.396	111.97	846.70	-0.017766	118.08	0.10290	liquid	liquid, P = 10 bar
290.00	10.000	11.461	0.087250	10.642	10.730	50.722	72.062	115.96	777.96	-0.0093240	106.26	0.097823	liquid	liquid, P = 10 bar
300.00	10.000	11.100	0.090091	11.823	11.913	54.732	73.850	120.80	706.85	0.0016878	95.279	0.092861	liquid	liquid, P = 10 bar
300.09	10.000	11.096	0.090120	11.834	11.924	54.769	73.867	120.85	706.18	0.0018057	95.181	0.092815	liquid	liquid, P = 10 bar
300.09	10.000	0.49168	2.0338	24.542	26.576	103.59	70.043	90.047	214.79	2.1407	8.2483	0.019253	vapor	vapor, P = 10 bar
310.00	10.000	0.46299	2.1599	25.301	27.461	106.50	71.201	88.836	222.71	1.8623	8.5286	0.020343	vapor	vapor, P = 10 bar
320.00	10.000	0.43868	2.2796	26.068	28.348	109.31	72.578	88.574	229.86	1.6405	8.8090	0.021492	vapor	vapor, P = 10 bar
330.00	10.000	0.41776	2.3937	26.841	29.235	112.04	74.098	88.899	236.39	1.4599	9.0868	0.022683	vapor	vapor, P = 10 bar
340.00	10.000	0.39942	2.5036	27.623	30.127	114.70	75.716	89.610	242.44	1.3096	9.3621	0.023909	vapor	vapor, P = 10 bar
350.00	10.000	0.38310	2.6103	28.417	31.028	117.32	77.404	90.585	248.10	1.1824	9.6349	0.025168	vapor	vapor, P = 10 bar
360.00	10.000	0.36843	2.7142	29.225	31.939	119.88	79.142	91.749	253.46	1.0735	9.9053	0.026458	vapor	vapor, P = 10 bar
370.00	10.000	0.35513	2.8159	30.047	32.863	122.41	80.914	93.052	258.55	0.97946	10.173	0.027779	vapor	vapor, P = 10 bar
380.00	10.000	0.34296	2.9158	30.885	33.801	124.91	82.712	94.459	263.42	0.89756	10.439	0.029129	vapor	vapor, P = 10 bar
390.00	10.000	0.33178	3.0141	31.738	34.753	127.39	84.526	95.944	268.10	0.82578	10.703	0.030508	vapor	vapor, P = 10 bar
400.00	10.000	0.32144	3.1110	32.609	35.720	129.84	86.349	97.488	272.61	0.76251	10.964	0.031915	vapor	vapor, P = 10 bar
410.00	10.000	0.31183	3.2069	33.496	36.702	132.26	88.176	99.074	276.98	0.70643	11.223	0.033352	vapor	vapor, P = 10 bar
420.00	10.000	0.30288	3.3017	34.400	37.701	134.67	90.002	100.69	281.21	0.65649	11.480	0.034816	vapor	vapor, P = 10 bar
430.00	10.000	0.29450	3.3956	35.321	38.716	137.06	91.824	102.33	285.32	0.61180	11.735	0.036310	vapor	vapor, P = 10 bar
440.00	10.000	0.28664	3.4887	36.259	39.748	139.43	93.636	103.98	289.33	0.57166	11.988	0.037831	vapor	vapor, P = 10 bar
450.00	10.000	0.27923	3.5812	37.215	40.796	141.78	95.438	105.64	293.25	0.53544	12.239	0.039381	vapor	vapor, P = 10 bar
														
280.00	20.000	11.844	0.084428	9.4426	9.6114	46.498	70.405	111.24	861.57	-0.019517	119.98	0.10385	liquid	liquid, P = 20 bar
290.00	20.000	11.520	0.086805	10.568	10.742	50.464	72.050	114.95	794.95	-0.011781	108.22	0.098851	liquid	liquid, P = 20 bar
300.00	20.000	11.172	0.089512	11.734	11.913	54.433	73.803	119.36	726.65	-0.0019196	97.346	0.093990	liquid	liquid, P = 20 bar
310.00	20.000	10.791	0.092671	12.947	13.133	58.433	75.680	124.84	655.73	0.011241	87.154	0.089233	liquid	liquid, P = 20 bar
320.00	20.000	10.364	0.096487	14.223	14.415	62.505	77.722	132.12	580.58	0.030018	77.409	0.084523	liquid	liquid, P = 20 bar
330.00	20.000	9.8645	0.10137	15.584	15.787	66.725	80.031	143.13	498.03	0.059863	67.795	0.079746	liquid	liquid, P = 20 bar
330.41	20.000	9.8417	0.10161	15.643	15.846	66.904	80.135	143.73	494.39	0.061497	67.394	0.079545	liquid	liquid, P = 20 bar
330.41	20.000	1.0484	0.95387	25.697	27.605	102.49	79.929	120.48	196.47	1.9355	9.6008	0.025264	vapor	vapor, P = 20 bar
340.00	20.000	0.96090	1.0407	26.622	28.704	105.77	79.824	110.30	208.77	1.6317	9.8052	0.025922	vapor	vapor, P = 20 bar
350.00	20.000	0.89339	1.1193	27.542	29.780	108.89	80.558	105.61	219.20	1.4088	10.040	0.026895	vapor	vapor, P = 20 bar
360.00	20.000	0.83982	1.1907	28.442	30.824	111.83	81.671	103.39	228.15	1.2398	10.284	0.028014	vapor	vapor, P = 20 bar
370.00	20.000	0.79539	1.2573	29.338	31.852	114.65	83.001	102.44	236.09	1.1052	10.534	0.029224	vapor	vapor, P = 20 bar
380.00	20.000	0.75745	1.3202	30.235	32.875	117.38	84.465	102.25	243.31	0.99445	10.785	0.030499	vapor	vapor, P = 20 bar
390.00	20.000	0.72439	1.3805	31.138	33.899	120.04	86.015	102.53	249.95	0.90150	11.038	0.031827	vapor	vapor, P = 20 bar
400.00	20.000	0.69513	1.4386	32.050	34.927	122.64	87.625	103.15	256.14	0.82226	11.290	0.033200	vapor	vapor, P = 20 bar
410.00	20.000	0.66893	1.4949	32.973	35.963	125.20	89.276	104.00	261.96	0.75392	11.542	0.034613	vapor	vapor, P = 20 bar
420.00	20.000	0.64523	1.5498	33.908	37.008	127.71	90.956	105.02	267.46	0.69441	11.793	0.036063	vapor	vapor, P = 20 bar
430.00	20.000	0.62363	1.6035	34.856	38.063	130.20	92.654	106.17	272.70	0.64218	12.043	0.037548	vapor	vapor, P = 20 bar
440.00	20.000	0.60380	1.6562	35.819	39.131	132.65	94.363	107.42	277.71	0.59602	12.291	0.039066	vapor	vapor, P = 20 bar
450.00	20.000	0.58550	1.7079	36.796	40.212	135.08	96.077	108.73	282.53	0.55496	12.538	0.040615	vapor	vapor, P = 20 bar
														
280.00	30.000	11.892	0.084092	9.3817	9.6340	46.277	70.417	110.56	875.86	-0.021118	121.84	0.10477	liquid	liquid, P = 30 bar
290.00	30.000	11.576	0.086386	10.498	10.757	50.216	72.045	114.05	811.12	-0.013986	110.12	0.099848	liquid	liquid, P = 30 bar
300.00	30.000	11.239	0.088976	11.650	11.917	54.150	73.771	118.12	745.23	-0.0050722	99.339	0.095075	liquid	liquid, P = 30 bar
310.00	30.000	10.874	0.091958	12.846	13.122	58.100	75.603	123.01	677.53	0.0064944	89.287	0.090433	liquid	liquid, P = 30 bar
320.00	30.000	10.472	0.095491	14.095	14.381	62.099	77.563	129.21	607.00	0.022301	79.772	0.085884	liquid	liquid, P = 30 bar
330.00	30.000	10.015	0.099853	15.414	15.714	66.197	79.708	137.77	531.82	0.045624	70.564	0.081357	liquid	liquid, P = 30 bar
340.00	30.000	9.4660	0.10564	16.837	17.154	70.495	82.181	151.57	448.29	0.084744	61.305	0.076713	liquid	liquid, P = 30 bar
350.00	30.000	8.7231	0.11464	18.456	18.800	75.265	85.531	183.70	345.54	0.17122	51.120	0.071636	liquid	liquid, P = 30 bar
350.86	30.000	8.6403	0.11574	18.613	18.961	75.723	85.928	189.14	334.73	0.18459	50.120	0.071160	liquid	liquid, P = 30 bar
350.86	30.000	1.7903	0.55856	26.091	27.767	100.82	89.218	189.25	174.70	1.9000	11.328	0.033368	vapor	vapor, P = 30 bar
360.00	30.000	1.5539	0.64355	27.281	29.212	104.89	86.479	139.74	193.46	1.5348	11.223	0.031799	vapor	vapor, P = 30 bar
370.00	30.000	1.4031	0.71269	28.381	30.519	108.47	86.219	124.18	207.90	1.2959	11.303	0.032014	vapor	vapor, P = 30 bar
380.00	30.000	1.2965	0.77129	29.409	31.723	111.68	86.884	117.38	219.46	1.1270	11.452	0.032779	vapor	vapor, P = 30 bar
390.00	30.000	1.2139	0.82382	30.406	32.878	114.68	87.938	113.92	229.30	0.99765	11.636	0.033797	vapor	vapor, P = 30 bar
400.00	30.000	1.1464	0.87230	31.390	34.007	117.54	89.201	112.14	237.99	0.89392	11.837	0.034964	vapor	vapor, P = 30 bar
410.00	30.000	1.0895	0.91784	32.370	35.124	120.30	90.592	111.33	245.82	0.80830	12.051	0.036232	vapor	vapor, P = 30 bar
420.00	30.000	1.0404	0.96115	33.352	36.236	122.98	92.069	111.15	253.00	0.73617	12.271	0.037576	vapor	vapor, P = 30 bar
430.00	30.000	0.99730	1.0027	34.340	37.348	125.60	93.604	111.38	259.65	0.67449	12.496	0.038982	vapor	vapor, P = 30 bar
440.00	30.000	0.95893	1.0428	35.336	38.464	128.16	95.180	111.92	265.88	0.62111	12.724	0.040440	vapor	vapor, P = 30 bar
450.00	30.000	0.92441	1.0818	36.342	39.587	130.69	96.785	112.67	271.76	0.57447	12.953	0.041944	vapor	vapor, P = 30 bar
														
280.00	40.000	11.937	0.083771	9.3230	9.6581	46.063	70.433	109.95	889.62	-0.022591	123.67	0.10568	liquid	liquid, P = 40 bar
290.00	40.000	11.629	0.085990	10.430	10.774	49.978	72.046	113.25	826.57	-0.015981	111.99	0.10082	liquid	liquid, P = 40 bar
300.00	40.000	11.303	0.088475	11.571	11.925	53.879	73.749	117.02	762.78	-0.0078584	101.27	0.096120	liquid	liquid, P = 40 bar
310.00	40.000	10.952	0.091307	12.751	13.116	57.787	75.546	121.46	697.80	0.0024356	91.327	0.091577	liquid	liquid, P = 40 bar
320.00	40.000	10.570	0.094607	13.979	14.357	61.725	77.448	126.88	630.95	0.016030	81.988	0.087159	liquid	liquid, P = 40 bar
330.00	40.000	10.144	0.098578	15.265	15.659	65.732	79.486	133.90	561.14	0.035041	73.067	0.082821	liquid	liquid, P = 40 bar
340.00	40.000	9.6527	0.10360	16.630	17.045	69.867	81.730	143.94	486.49	0.064000	64.333	0.078480	liquid	liquid, P = 40 bar
350.00	40.000	9.0483	0.11052	18.119	18.561	74.261	84.374	161.16	403.03	0.11501	55.385	0.073978	liquid	liquid, P = 40 bar
360.00	40.000	8.1810	0.12224	19.864	20.353	79.306	88.282	207.42	298.91	0.23910	45.111	0.068999	liquid	liquid, P = 40 bar
366.52	40.000	6.9036	0.14485	21.628	22.207	84.404	97.434	569.62	179.54	0.65304	33.768	0.069012	liquid	liquid, P = 40 bar
366.52	40.000	3.1758	0.31488	25.439	26.698	96.657	104.84	828.25	148.50	1.7264	15.141	0.058182	vapor	vapor, P = 40 bar
370.00	40.000	2.6119	0.38286	26.580	28.111	100.50	95.014	270.09	165.74	1.6060	13.730	0.042820	vapor	vapor, P = 40 bar
380.00	40.000	2.1227	0.47110	28.199	30.084	105.76	90.940	161.58	189.63	1.3075	12.922	0.037850	vapor	vapor, P = 40 bar
390.00	40.000	1.8846	0.53061	29.442	31.564	109.61	90.618	138.30	205.48	1.1144	12.760	0.037280	vapor	vapor, P = 40 bar
400.00	40.000	1.7250	0.57971	30.573	32.891	112.97	91.199	128.32	218.05	0.97431	12.770	0.037676	vapor	vapor, P = 40 bar
410.00	40.000	1.6051	0.62302	31.654	34.146	116.07	92.172	123.12	228.70	0.86580	12.860	0.038488	vapor	vapor, P = 40 bar
420.00	40.000	1.5093	0.66256	32.711	35.362	119.00	93.359	120.24	238.05	0.77828	12.992	0.039534	vapor	vapor, P = 40 bar
430.00	40.000	1.4298	0.69941	33.758	36.555	121.81	94.679	118.67	246.44	0.70575	13.152	0.040731	vapor	vapor, P = 40 bar
440.00	40.000	1.3620	0.73422	34.801	37.738	124.53	96.088	117.92	254.10	0.64449	13.328	0.042037	vapor	vapor, P = 40 bar
450.00	40.000	1.3030	0.76745	35.846	38.916	127.17	97.558	117.73	261.18	0.59196	13.517	0.043426	vapor	vapor, P = 40 bar
